policy_id,checkpoint,seed,env_id,terrain_name,terrain_type,terrain_level,start_x,final_x,mxd,num_waypoints,normalized_waypoints,episode_length,success,fall,stuck,edge_violation,failure_reason
parkour_new/010-distill-phase2-7500-tt,1600,1001,98,parkour_v2,22,2,36.999755859375,40.169925689697266,3.1701698303222656,2,0.25,201,0,1,0,0.0,fall
parkour_new/010-distill-phase2-7500-tt,1600,1001,94,parkour_v2,22,4,72.9999008178711,76.82929229736328,3.8293914794921875,4,0.5,216,0,1,0,0.09767441860465116,fall
parkour_new/010-distill-phase2-7500-tt,1600,1001,92,asymmetric_gap,21,2,36.999473571777344,39.40708923339844,2.4076156616210938,2,0.25,220,0,1,0,0.1278538812785388,fall
parkour_new/010-distill-phase2-7500-tt,1600,1001,83,asymmetric_gap,21,4,72.99980926513672,75.61333465576172,2.613525390625,2,0.25,223,0,1,0,0.02702702702702703,fall
parkour_new/010-distill-phase2-7500-tt,1600,1001,84,asymmetric_gap,21,3,54.99961853027344,57.75947189331055,2.7598533630371094,2,0.25,228,0,1,0,0.03524229074889868,fall
parkour_new/010-distill-phase2-7500-tt,1600,1001,86,asymmetric_gap,21,0,0.9999343752861023,3.5857372283935547,2.5858028531074524,2,0.25,229,0,1,0,0.08333333333333333,fall
parkour_new/010-distill-phase2-7500-tt,1600,1001,99,parkour_v2,22,2,36.99985885620117,40.02733612060547,3.027477264404297,2,0.25,230,0,1,0,0.039301310043668124,fall
parkour_new/010-distill-phase2-7500-tt,1600,1001,85,asymmetric_gap,21,1,18.999813079833984,21.707212448120117,2.707399368286133,2,0.25,233,0,1,0,0.11206896551724138,fall
parkour_new/010-distill-phase2-7500-tt,1600,1001,93,asymmetric_gap,21,4,72.99911499023438,75.629150390625,2.630035400390625,2,0.25,233,0,1,0,0.01293103448275862,fall
parkour_new/010-distill-phase2-7500-tt,1600,1001,73,beam_gap,20,0,0.9999157786369324,4.729826927185059,3.729911148548126,2,0.25,235,0,1,0,0.05128205128205128,fall
parkour_new/010-distill-phase2-7500-tt,1600,1001,100,parkour_v2,22,4,72.9996337890625,76.78978729248047,3.7901535034179688,4,0.5,238,0,1,0,0.12236286919831224,fall
parkour_new/010-distill-phase2-7500-tt,1600,1001,82,asymmetric_gap,21,3,54.99971389770508,57.79475021362305,2.7950363159179688,2,0.25,239,0,1,0,0.1092436974789916,fall
parkour_new/010-distill-phase2-7500-tt,1600,1001,76,beam_gap,20,2,36.99959182739258,41.39991760253906,4.400325775146484,2,0.25,244,0,1,0,0.0205761316872428,fall
parkour_new/010-distill-phase2-7500-tt,1600,1001,47,parkour_gap,18,3,54.9998779296875,58.19923400878906,3.1993560791015625,2,0.25,262,0,1,0,0.07279693486590039,fall
parkour_new/010-distill-phase2-7500-tt,1600,1001,91,asymmetric_gap,21,3,55.0,59.2122802734375,4.2122802734375,3,0.375,304,0,1,0,0.10231023102310231,fall
parkour_new/010-distill-phase2-7500-tt,1600,1001,8,parkour,14,0,0.9999538660049438,3.6508705615997314,2.6509166955947876,3,0.375,306,0,1,0,0.3770491803278688,fall
parkour_new/010-distill-phase2-7500-tt,1600,1001,87,asymmetric_gap,21,0,1.0,5.784568786621094,4.784568786621094,3,0.375,308,0,1,0,0.048859934853420196,fall
parkour_new/010-distill-phase2-7500-tt,1600,1001,77,beam_gap,20,4,72.99994659423828,77.22907257080078,4.2291259765625,2,0.25,316,0,1,0,0.009523809523809525,fall
parkour_new/010-distill-phase2-7500-tt,1600,1001,88,asymmetric_gap,21,3,54.999717712402344,59.434722900390625,4.435005187988281,3,0.375,357,0,1,0,0.07584269662921349,fall
parkour_new/010-distill-phase2-7500-tt,1600,1001,72,beam_gap,20,1,19.000043869018555,27.26960563659668,8.269561767578125,4,0.5,381,0,1,0,0.060526315789473685,fall
parkour_new/010-distill-phase2-7500-tt,1600,1001,6,parkour,14,1,19.0,23.32245635986328,4.322456359863281,4,0.5,386,0,1,0,0.16883116883116883,fall
parkour_new/010-distill-phase2-7500-tt,1600,1001,27,parkour_flat,16,3,54.99996566772461,59.3028678894043,4.3029022216796875,3,0.375,389,0,1,0,0.0,fall
parkour_new/010-distill-phase2-7500-tt,1600,1001,98,parkour_v2,22,2,37.0,40.040653228759766,3.0406532287597656,2,0.25,199,0,1,0,0.04522613065326633,fall
parkour_new/010-distill-phase2-7500-tt,1600,1001,71,beam_gap,20,0,1.0,7.726177215576172,6.726177215576172,3,0.375,407,0,1,0,0.027093596059113302,fall
parkour_new/010-distill-phase2-7500-tt,1600,1001,75,beam_gap,20,3,54.99968338012695,63.22897720336914,8.229293823242188,4,0.5,427,0,1,0,0.07746478873239436,fall
parkour_new/010-distill-phase2-7500-tt,1600,1001,94,parkour_v2,22,4,73.0,76.76433563232422,3.7643356323242188,4,0.5,212,0,1,0,0.2358490566037736,fall
parkour_new/010-distill-phase2-7500-tt,1600,1001,51,parkour_gap,18,1,18.999910354614258,25.5041446685791,6.504234313964844,4,0.5,431,0,1,0,0.1697674418604651,fall
parkour_new/010-distill-phase2-7500-tt,1600,1001,99,parkour_v2,22,2,37.0,40.058631896972656,3.0586318969726562,2,0.25,202,0,1,0,0.039603960396039604,fall
parkour_new/010-distill-phase2-7500-tt,1600,1001,82,asymmetric_gap,21,3,55.0,57.86372756958008,2.863727569580078,2,0.25,197,0,1,0,0.1065989847715736,fall
parkour_new/010-distill-phase2-7500-tt,1600,1001,93,asymmetric_gap,21,4,73.0,75.70121002197266,2.7012100219726562,2,0.25,205,0,1,0,0.00975609756097561,fall
parkour_new/010-distill-phase2-7500-tt,1600,1001,2,parkour,14,1,18.999956130981445,25.198720932006836,6.198764801025391,6,0.75,442,0,1,0,0.08843537414965986,fall
parkour_new/010-distill-phase2-7500-tt,1600,1001,35,parkour_step,17,3,54.99985122680664,63.48241424560547,8.482563018798828,8,1.0,444,1,0,0,0.020316027088036117,success
parkour_new/010-distill-phase2-7500-tt,1600,1001,100,parkour_v2,22,4,73.0,76.71355438232422,3.7135543823242188,3,0.375,209,0,1,0,0.019138755980861243,fall
parkour_new/010-distill-phase2-7500-tt,1600,1001,8,parkour,14,0,1.0,2.9456844329833984,1.9456844329833984,2,0.25,143,0,1,0,0.14685314685314685,fall
parkour_new/010-distill-phase2-7500-tt,1600,1001,1,parkour,14,3,54.99991226196289,58.70681381225586,3.7069015502929688,4,0.5,463,0,1,0,0.170995670995671,fall
parkour_new/010-distill-phase2-7500-tt,1600,1001,73,beam_gap,20,0,1.0,4.827146053314209,3.827146053314209,2,0.25,231,0,1,0,0.10822510822510822,fall
parkour_new/010-distill-phase2-7500-tt,1600,1001,76,beam_gap,20,2,37.0,41.27177047729492,4.271770477294922,2,0.25,238,0,1,0,0.01680672268907563,fall
parkour_new/010-distill-phase2-7500-tt,1600,1001,50,parkour_gap,18,2,37.0,44.987361907958984,7.987361907958984,5,0.625,489,0,1,0,0.14344262295081966,fall
parkour_new/010-distill-phase2-7500-tt,1600,1001,80,beam_gap,20,4,72.99955749511719,82.4566650390625,9.457107543945312,5,0.625,495,0,1,0,0.03441295546558704,fall
parkour_new/010-distill-phase2-7500-tt,1600,1001,10,parkour,14,1,19.00002670288086,23.701505661010742,4.701478958129883,4,0.5,496,0,1,0,0.2767676767676768,fall
parkour_new/010-distill-phase2-7500-tt,1600,1001,97,parkour_v2,22,2,36.99982452392578,43.7432975769043,6.743473052978516,4,0.5,497,0,1,0,0.05846774193548387,fall
parkour_new/010-distill-phase2-7500-tt,1600,1001,104,parkour_v2,22,0,0.9998430013656616,10.172757148742676,9.172914147377014,6,0.75,523,0,1,0,0.05938697318007663,fall
parkour_new/010-distill-phase2-7500-tt,1600,1001,38,parkour_step,17,1,18.99987030029297,29.190706253051758,10.190835952758789,8,1.0,524,1,0,0,0.07648183556405354,success
parkour_new/010-distill-phase2-7500-tt,1600,1001,90,asymmetric_gap,21,2,36.99974060058594,44.615596771240234,7.615856170654297,5,0.625,527,0,1,0,0.07224334600760456,fall
parkour_new/010-distill-phase2-7500-tt,1600,1001,84,asymmetric_gap,21,3,55.0,59.563629150390625,4.563629150390625,3,0.375,303,0,1,0,0.10561056105610561,fall
parkour_new/010-distill-phase2-7500-tt,1600,1001,79,beam_gap,20,0,0.9999300837516785,11.958703994750977,10.958773910999298,5,0.625,534,0,1,0,0.01876172607879925,fall
parkour_new/010-distill-phase2-7500-tt,1600,1001,81,beam_gap,20,0,0.9999367594718933,11.847051620483398,10.847114861011505,5,0.625,536,0,1,0,0.018691588785046728,fall
parkour_new/010-distill-phase2-7500-tt,1600,1001,74,beam_gap,20,0,0.9997072219848633,11.310407638549805,10.310700416564941,5,0.625,538,0,1,0,0.11173184357541899,fall
parkour_new/010-distill-phase2-7500-tt,1600,1001,86,asymmetric_gap,21,0,1.0,5.6375250816345215,4.6375250816345215,3,0.375,310,0,1,0,0.054838709677419356,fall
parkour_new/010-distill-phase2-7500-tt,1600,1001,56,parkour_gap,18,3,54.99970245361328,63.975521087646484,8.975818634033203,5,0.625,542,0,1,0,0.05730129390018484,fall
parkour_new/010-distill-phase2-7500-tt,1600,1001,78,beam_gap,20,2,37.00000762939453,48.21461868286133,11.214611053466797,5,0.625,543,0,1,0,0.07564575645756458,fall
parkour_new/010-distill-phase2-7500-tt,1600,1001,57,parkour_gap,18,3,54.99979019165039,63.87583541870117,8.876045227050781,5,0.625,552,0,1,0,0.0998185117967332,fall
parkour_new/010-distill-phase2-7500-tt,1600,1001,37,parkour_step,17,0,0.9999352097511292,10.05406379699707,9.054128587245941,8,1.0,565,1,0,0,0.02304964539007092,success
parkour_new/010-distill-phase2-7500-tt,1600,1001,39,parkour_step,17,2,36.99972152709961,47.50492477416992,10.505203247070312,8,1.0,569,1,0,0,0.017605633802816902,success
parkour_new/010-distill-phase2-7500-tt,1600,1001,36,parkour_step,17,4,72.9997787475586,83.81949615478516,10.819717407226562,8,1.0,571,1,0,0,0.02982456140350877,success
parkour_new/010-distill-phase2-7500-tt,1600,1001,44,parkour_step,17,1,18.99994468688965,29.210880279541016,10.210935592651367,8,1.0,572,1,0,0,0.017513134851138354,success
parkour_new/010-distill-phase2-7500-tt,1600,1001,43,parkour_step,17,2,37.000030517578125,47.50572204589844,10.505691528320312,8,1.0,575,1,0,0,0.03484320557491289,success
parkour_new/010-distill-phase2-7500-tt,1600,1001,46,parkour_step,17,2,36.99996566772461,47.51665496826172,10.51668930053711,8,1.0,584,1,0,0,0.024013722126929673,success
parkour_new/010-distill-phase2-7500-tt,1600,1001,7,parkour,14,4,72.99989318847656,81.34083557128906,8.3409423828125,8,1.0,591,1,0,0,0.14745762711864407,success
parkour_new/010-distill-phase2-7500-tt,1600,1001,70,beam_gap,20,3,54.999656677246094,67.44834899902344,12.448692321777344,6,0.75,592,0,1,0,0.04568527918781726,fall
parkour_new/010-distill-phase2-7500-tt,1600,1001,91,asymmetric_gap,21,3,55.0,59.31678771972656,4.3167877197265625,3,0.375,295,0,1,0,0.11864406779661017,fall
parkour_new/010-distill-phase2-7500-tt,1600,1001,45,parkour_step,17,2,37.0,47.481422424316406,10.481422424316406,8,1.0,617,1,0,0,0.021103896103896104,success
parkour_new/010-distill-phase2-7500-tt,1600,1001,72,beam_gap,20,1,19.0,22.815658569335938,3.8156585693359375,2,0.25,239,0,1,0,0.06276150627615062,fall
parkour_new/010-distill-phase2-7500-tt,1600,1001,93,asymmetric_gap,21,4,73.0,75.72389221191406,2.7238922119140625,2,0.25,187,0,1,0,0.11764705882352941,fall
parkour_new/010-distill-phase2-7500-tt,1600,1001,100,parkour_v2,22,4,73.0,76.68301391601562,3.683013916015625,3,0.375,188,0,1,0,0.0425531914893617,fall
parkour_new/010-distill-phase2-7500-tt,1600,1001,41,parkour_step,17,4,73.0,83.82315063476562,10.823150634765625,8,1.0,643,1,0,0,0.020249221183800622,success
parkour_new/010-distill-phase2-7500-tt,1600,1001,120,climbing_wall,24,0,0.9998602271080017,7.517778396606445,6.517918169498444,4,0.5,644,0,1,0,0.3452566096423017,fall
parkour_new/010-distill-phase2-7500-tt,1600,1001,75,beam_gap,20,3,55.0,58.63341522216797,3.6334152221679688,2,0.25,225,0,1,0,0.07111111111111111,fall
parkour_new/010-distill-phase2-7500-tt,1600,1001,94,parkour_v2,22,4,73.0,76.74254608154297,3.7425460815429688,4,0.5,230,0,1,0,0.10869565217391304,fall
parkour_new/010-distill-phase2-7500-tt,1600,1001,88,asymmetric_gap,21,3,55.0,59.602962493896484,4.602962493896484,3,0.375,302,0,1,0,0.026490066225165563,fall
parkour_new/010-distill-phase2-7500-tt,1600,1001,116,narrow_gap,23,4,72.99948120117188,81.27640533447266,8.276924133300781,8,1.0,661,1,0,0,0.33181818181818185,success
parkour_new/010-distill-phase2-7500-tt,1600,1001,54,parkour_gap,18,2,36.9996223449707,49.88828659057617,12.888664245605469,8,1.0,664,1,0,0,0.06033182503770739,success
parkour_new/010-distill-phase2-7500-tt,1600,1001,89,asymmetric_gap,21,2,36.99964141845703,47.36449432373047,10.364852905273438,8,1.0,664,1,0,0,0.06334841628959276,success
parkour_new/010-distill-phase2-7500-tt,1600,1001,82,asymmetric_gap,21,3,55.0,57.769935607910156,2.7699356079101562,2,0.25,232,0,1,0,0.10775862068965517,fall
parkour_new/010-distill-phase2-7500-tt,1600,1001,99,parkour_v2,22,2,37.0,40.15666198730469,3.1566619873046875,2,0.25,239,0,1,0,0.08786610878661087,fall
parkour_new/010-distill-phase2-7500-tt,1600,1001,42,parkour_step,17,4,72.99979400634766,83.81058502197266,10.810791015625,8,1.0,673,1,0,0,0.01488095238095238,success
parkour_new/010-distill-phase2-7500-tt,1600,1001,118,climbing_wall,24,3,55.0,65.78236389160156,10.782363891601562,8,1.0,678,1,0,0,0.14180206794682423,success
parkour_new/010-distill-phase2-7500-tt,1600,1001,60,alternating_step,19,3,54.999794006347656,66.64564514160156,11.645851135253906,8,1.0,679,1,0,0,0.03392330383480826,success
parkour_new/010-distill-phase2-7500-tt,1600,1001,51,parkour_gap,18,1,19.0,23.230388641357422,4.230388641357422,2,0.25,251,0,1,0,0.11155378486055777,fall
parkour_new/010-distill-phase2-7500-tt,1600,1001,40,parkour_step,17,4,72.99991607666016,83.85794067382812,10.858024597167969,8,1.0,684,1,0,0,0.017569546120058566,success
parkour_new/010-distill-phase2-7500-tt,1600,1001,5,parkour,14,2,37.00001907348633,45.6219596862793,8.621940612792969,8,1.0,688,1,0,0,0.1717612809315866,success
parkour_new/010-distill-phase2-7500-tt,1600,1001,92,asymmetric_gap,21,2,37.0,40.800872802734375,3.800872802734375,3,0.375,469,0,1,0,0.35181236673773986,fall
parkour_new/010-distill-phase2-7500-tt,1600,1001,111,narrow_gap,23,1,18.999984741210938,28.052698135375977,9.052713394165039,8,1.0,697,1,0,0,0.3275862068965517,success
parkour_new/010-distill-phase2-7500-tt,1600,1001,73,beam_gap,20,0,1.0,5.235504627227783,4.235504627227783,2,0.25,236,0,1,0,0.029661016949152543,fall
parkour_new/010-distill-phase2-7500-tt,1600,1001,22,parkour_hurdle,15,2,36.9997444152832,49.449684143066406,12.449939727783203,8,1.0,710,1,0,0,0.06064880112834979,success
parkour_new/010-distill-phase2-7500-tt,1600,1001,109,narrow_gap,23,4,73.0,81.267333984375,8.267333984375,8,1.0,710,1,0,0,0.25952045133991536,success
parkour_new/010-distill-phase2-7500-tt,1600,1001,49,parkour_gap,18,2,36.99980163574219,49.900150299072266,12.900348663330078,8,1.0,711,1,0,0,0.011267605633802818,success
parkour_new/010-distill-phase2-7500-tt,1600,1001,68,alternating_step,19,3,54.999629974365234,66.66828918457031,11.668659210205078,8,1.0,714,1,0,0,0.029453015427769985,success
parkour_new/010-distill-phase2-7500-tt,1600,1001,59,alternating_step,19,2,36.99950408935547,48.88301467895508,11.88351058959961,8,1.0,716,1,0,0,0.012587412587412588,success
parkour_new/010-distill-phase2-7500-tt,1600,1001,76,beam_gap,20,2,37.0,41.28644943237305,4.286449432373047,2,0.25,241,0,1,0,0.024896265560165973,fall
parkour_new/010-distill-phase2-7500-tt,1600,1001,16,parkour_hurdle,15,0,0.9999237656593323,13.75743293762207,12.757509171962738,8,1.0,724,1,0,0,0.034578146611341634,success
parkour_new/010-distill-phase2-7500-tt,1600,1001,110,narrow_gap,23,0,1.0,9.932975769042969,8.932975769042969,8,1.0,727,1,0,0,0.31955922865013775,success
parkour_new/010-distill-phase2-7500-tt,1600,1001,106,narrow_gap,23,1,18.99970245361328,28.064678192138672,9.06497573852539,8,1.0,733,1,0,0,0.28688524590163933,success
parkour_new/010-distill-phase2-7500-tt,1600,1001,105,narrow_gap,23,0,1.0,9.912332534790039,8.912332534790039,8,1.0,735,1,0,0,0.279291553133515,success
parkour_new/010-distill-phase2-7500-tt,1600,1001,55,parkour_gap,18,0,1.0,14.986614227294922,13.986614227294922,8,1.0,739,1,0,0,0.15176151761517614,success
parkour_new/010-distill-phase2-7500-tt,1600,1001,67,alternating_step,19,2,36.999549865722656,48.87528991699219,11.875740051269531,8,1.0,744,1,0,0,0.047106325706594884,success
parkour_new/010-distill-phase2-7500-tt,1600,1001,64,alternating_step,19,4,72.99990844726562,84.96614074707031,11.966232299804688,8,1.0,745,1,0,0,0.041666666666666664,success
parkour_new/010-distill-phase2-7500-tt,1600,1001,52,parkour_gap,18,1,18.9998722076416,30.327213287353516,11.327341079711914,7,0.875,748,0,1,0,0.18206157965194109,fall
parkour_new/010-distill-phase2-7500-tt,1600,1001,113,narrow_gap,23,0,0.9998055100440979,9.923904418945312,8.924098908901215,8,1.0,748,1,0,0,0.27041499330655955,success
parkour_new/010-distill-phase2-7500-tt,1600,1001,69,alternating_step,19,2,36.99937057495117,48.87916946411133,11.879798889160156,8,1.0,751,1,0,0,0.017333333333333333,success
parkour_new/010-distill-phase2-7500-tt,1600,1001,108,narrow_gap,23,4,73.0,81.27418518066406,8.274185180664062,8,1.0,753,1,0,0,0.3896276595744681,success
parkour_new/010-distill-phase2-7500-tt,1600,1001,71,beam_gap,20,0,1.0,7.625560283660889,6.625560283660889,3,0.375,351,0,1,0,0.05698005698005698,fall
parkour_new/010-distill-phase2-7500-tt,1600,1001,126,climbing_wall,24,2,36.999794006347656,48.08833312988281,11.088539123535156,8,1.0,759,1,0,0,0.262532981530343,success
parkour_new/010-distill-phase2-7500-tt,1600,1001,112,narrow_gap,23,0,0.9996328353881836,9.920385360717773,8.92075252532959,8,1.0,764,1,0,0,0.2503276539973788,success
parkour_new/010-distill-phase2-7500-tt,1600,1001,19,parkour_hurdle,15,1,18.999723434448242,31.987380981445312,12.98765754699707,8,1.0,770,1,0,0,0.04291287386215865,success
parkour_new/010-distill-phase2-7500-tt,1600,1001,78,beam_gap,20,2,37.0,40.6642951965332,3.664295196533203,2,0.25,227,0,1,0,0.039647577092511016,fall
parkour_new/010-distill-phase2-7500-tt,1600,1001,23,parkour_hurdle,15,3,54.999778747558594,68.4561767578125,13.456398010253906,8,1.0,780,1,0,0,0.08087291399229782,success
parkour_new/010-distill-phase2-7500-tt,1600,1001,114,narrow_gap,23,1,18.999662399291992,28.063480377197266,9.063817977905273,8,1.0,784,1,0,0,0.39080459770114945,success
parkour_new/010-distill-phase2-7500-tt,1600,1001,84,asymmetric_gap,21,3,55.0,59.445987701416016,4.445987701416016,3,0.375,254,0,1,0,0.1062992125984252,fall
parkour_new/010-distill-phase2-7500-tt,1600,1001,2,parkour,14,1,19.0,23.6945858001709,4.694585800170898,4,0.5,349,0,1,0,0.15759312320916904,fall
parkour_new/010-distill-phase2-7500-tt,1600,1001,21,parkour_hurdle,15,2,36.9996223449707,49.432655334472656,12.433032989501953,8,1.0,793,1,0,0,0.02904040404040404,success
parkour_new/010-distill-phase2-7500-tt,1600,1001,74,beam_gap,20,0,1.0,5.384238243103027,4.384238243103027,2,0.25,255,0,1,0,0.01568627450980392,fall
parkour_new/010-distill-phase2-7500-tt,1600,1001,93,asymmetric_gap,21,4,73.0,75.69000244140625,2.69000244140625,2,0.25,172,0,1,0,0.05813953488372093,fall
parkour_new/010-distill-phase2-7500-tt,1600,1001,12,parkour_hurdle,15,3,54.99991989135742,68.4664306640625,13.466510772705078,8,1.0,798,1,0,0,0.08030112923462986,success
parkour_new/010-distill-phase2-7500-tt,1600,1001,62,alternating_step,19,2,36.99973678588867,48.87220001220703,11.87246322631836,8,1.0,798,1,0,0,0.03638644918444166,success
parkour_new/010-distill-phase2-7500-tt,1600,1001,80,beam_gap,20,4,73.0,79.02953338623047,6.029533386230469,3,0.375,303,0,1,0,0.009900990099009901,fall
parkour_new/010-distill-phase2-7500-tt,1600,1001,115,narrow_gap,23,2,36.99983215332031,46.258296966552734,9.258464813232422,8,1.0,799,1,0,0,0.24436090225563908,success
parkour_new/010-distill-phase2-7500-tt,1600,1001,20,parkour_hurdle,15,1,18.999906539916992,32.00394821166992,13.00404167175293,8,1.0,804,1,0,0,0.033623910336239106,success
parkour_new/010-distill-phase2-7500-tt,1600,1001,107,narrow_gap,23,0,0.9994574785232544,9.939038276672363,8.939580798149109,8,1.0,814,1,0,0,0.32595325953259535,success
parkour_new/010-distill-phase2-7500-tt,1600,1001,122,climbing_wall,24,0,0.9999683499336243,12.35849666595459,11.358528316020966,8,1.0,814,1,0,0,0.23370233702337023,success
parkour_new/010-distill-phase2-7500-tt,1600,1001,127,climbing_wall,24,0,0.9996640682220459,12.384939193725586,11.38527512550354,8,1.0,820,1,0,0,0.21123321123321123,success
parkour_new/010-distill-phase2-7500-tt,1600,1001,63,alternating_step,19,1,18.999786376953125,31.093122482299805,12.09333610534668,8,1.0,822,1,0,0,0.028014616321559074,success
parkour_new/010-distill-phase2-7500-tt,1600,1001,15,parkour_hurdle,15,0,0.9994140863418579,13.757567405700684,12.758153319358826,8,1.0,826,1,0,0,0.06303030303030303,success
parkour_new/010-distill-phase2-7500-tt,1600,1001,117,climbing_wall,24,4,72.99962615966797,84.34391021728516,11.344284057617188,8,1.0,836,1,0,0,0.25748502994011974,success
parkour_new/010-distill-phase2-7500-tt,1600,1001,18,parkour_hurdle,15,2,36.999778747558594,49.447021484375,12.447242736816406,8,1.0,838,1,0,0,0.03225806451612903,success
parkour_new/010-distill-phase2-7500-tt,1600,1001,48,parkour_gap,18,4,72.99976348876953,87.30047607421875,14.300712585449219,8,1.0,847,1,0,0,0.17494089834515367,success
parkour_new/010-distill-phase2-7500-tt,1600,1001,100,parkour_v2,22,4,73.0,76.7098617553711,3.7098617553710938,3,0.375,217,0,1,0,0.041474654377880185,fall
parkour_new/010-distill-phase2-7500-tt,1600,1001,9,parkour,14,2,36.99947738647461,45.6012077331543,8.601730346679688,8,1.0,854,1,0,0,0.1488862837045721,success
parkour_new/010-distill-phase2-7500-tt,1600,1001,72,beam_gap,20,1,19.0,22.47813606262207,3.4781360626220703,2,0.25,235,0,1,0,0.0851063829787234,fall
parkour_new/010-distill-phase2-7500-tt,1600,1001,124,climbing_wall,24,2,36.99970626831055,48.07443618774414,11.074729919433594,8,1.0,858,1,0,0,0.17036172695449242,success
parkour_new/010-distill-phase2-7500-tt,1600,1001,65,alternating_step,19,0,0.9995725154876709,13.21479320526123,12.21522068977356,8,1.0,861,1,0,0,0.026744186046511628,success
parkour_new/010-distill-phase2-7500-tt,1600,1001,17,parkour_hurdle,15,4,72.99947357177734,86.13142395019531,13.131950378417969,8,1.0,866,1,0,0,0.03352601156069364,success
parkour_new/010-distill-phase2-7500-tt,1600,1001,66,alternating_step,19,3,54.999881744384766,66.64141845703125,11.641536712646484,8,1.0,869,1,0,0,0.03917050691244239,success
parkour_new/010-distill-phase2-7500-tt,1600,1001,83,asymmetric_gap,21,4,73.0,83.8526382446289,10.852638244628906,8,1.0,648,1,0,0,0.013888888888888888,success
parkour_new/010-distill-phase2-7500-tt,1600,1001,119,climbing_wall,24,0,1.0,12.348616600036621,11.348616600036621,8,1.0,872,1,0,0,0.1549942594718714,success
parkour_new/010-distill-phase2-7500-tt,1600,1001,123,climbing_wall,24,4,72.9999771118164,84.315673828125,11.315696716308594,8,1.0,872,1,0,0,0.3076923076923077,success
parkour_new/010-distill-phase2-7500-tt,1600,1001,94,parkour_v2,22,4,73.0,76.78939056396484,3.7893905639648438,4,0.5,215,0,1,0,0.17209302325581396,fall
parkour_new/010-distill-phase2-7500-tt,1600,1001,81,beam_gap,20,0,1.0,7.6221137046813965,6.6221137046813965,3,0.375,342,0,1,0,0.029239766081871343,fall
parkour_new/010-distill-phase2-7500-tt,1600,1001,85,asymmetric_gap,21,1,19.0,30.015626907348633,11.015626907348633,8,1.0,645,1,0,0,0.05736434108527132,success
parkour_new/010-distill-phase2-7500-tt,1600,1001,91,asymmetric_gap,21,3,55.0,59.34592819213867,4.345928192138672,3,0.375,286,0,1,0,0.20279720279720279,fall
parkour_new/010-distill-phase2-7500-tt,1600,1001,99,parkour_v2,22,2,37.0,40.045982360839844,3.0459823608398438,2,0.25,215,0,1,0,0.027906976744186046,fall
parkour_new/010-distill-phase2-7500-tt,1600,1001,92,asymmetric_gap,21,2,37.0,39.352577209472656,2.3525772094726562,2,0.25,199,0,1,0,0.020100502512562814,fall
parkour_new/010-distill-phase2-7500-tt,1600,1001,13,parkour_hurdle,15,4,72.99986267089844,86.1682357788086,13.168373107910156,8,1.0,893,1,0,0,0.04147982062780269,success
parkour_new/010-distill-phase2-7500-tt,1600,1001,87,asymmetric_gap,21,0,1.0,8.792061805725098,7.792061805725098,5,0.625,586,0,1,0,0.10409556313993173,fall
parkour_new/010-distill-phase2-7500-tt,1600,1001,101,parkour_v2,22,3,54.9996452331543,69.31302642822266,14.31338119506836,8,1.0,900,1,0,0,0.0967741935483871,success
parkour_new/010-distill-phase2-7500-tt,1600,1001,58,parkour_gap,18,4,72.9998550415039,87.28160858154297,14.281753540039062,8,1.0,902,1,0,0,0.2341842397336293,success
parkour_new/010-distill-phase2-7500-tt,1600,1001,95,parkour_v2,22,3,54.99983215332031,69.29924774169922,14.299415588378906,8,1.0,906,1,0,0,0.0718232044198895,success
parkour_new/010-distill-phase2-7500-tt,1600,1001,14,parkour_hurdle,15,4,72.99987030029297,86.11897277832031,13.119102478027344,8,1.0,911,1,0,0,0.02857142857142857,success
parkour_new/010-distill-phase2-7500-tt,1600,1001,11,parkour,14,2,36.9998893737793,45.61701202392578,8.617122650146484,8,1.0,914,1,0,0,0.23658269441401972,success
parkour_new/010-distill-phase2-7500-tt,1600,1001,98,parkour_v2,22,2,37.0,46.03779602050781,9.037796020507812,6,0.75,516,0,1,0,0.06782945736434108,fall
parkour_new/010-distill-phase2-7500-tt,1600,1001,73,beam_gap,20,0,1.0,5.045071601867676,4.045071601867676,2,0.25,216,0,1,0,0.05092592592592592,fall
parkour_new/010-distill-phase2-7500-tt,1600,1001,103,parkour_v2,22,1,18.999671936035156,32.051246643066406,13.05157470703125,8,1.0,924,1,0,0,0.10184182015167931,success
parkour_new/010-distill-phase2-7500-tt,1600,1001,35,parkour_step,17,3,55.0,63.45042419433594,8.450424194335938,8,1.0,483,1,0,0,0.041407867494824016,success
parkour_new/010-distill-phase2-7500-tt,1600,1001,70,beam_gap,20,3,55.0,58.36623001098633,3.366230010986328,2,0.25,342,0,1,0,0.38011695906432746,fall
parkour_new/010-distill-phase2-7500-tt,1600,1001,30,parkour_flat,16,3,54.999786376953125,69.93550109863281,14.935714721679688,8,1.0,943,1,0,0,0.0,success
parkour_new/010-distill-phase2-7500-tt,1600,1001,76,beam_gap,20,2,37.0,41.243648529052734,4.243648529052734,2,0.25,223,0,1,0,0.02242152466367713,fall
parkour_new/010-distill-phase2-7500-tt,1600,1001,33,parkour_flat,16,4,72.9997787475586,88.0487289428711,15.0489501953125,8,1.0,948,1,0,0,0.0,success
parkour_new/010-distill-phase2-7500-tt,1600,1001,89,asymmetric_gap,21,2,37.0,41.09790802001953,4.097908020019531,3,0.375,285,0,1,0,0.14385964912280702,fall
parkour_new/010-distill-phase2-7500-tt,1600,1001,25,parkour_flat,16,0,0.999993622303009,15.458840370178223,14.458846747875214,8,1.0,956,1,0,0,0.0,success
parkour_new/010-distill-phase2-7500-tt,1600,1001,86,asymmetric_gap,21,0,1.0,5.6314897537231445,4.6314897537231445,3,0.375,422,0,1,0,0.15402843601895735,fall
parkour_new/010-distill-phase2-7500-tt,1600,1001,96,parkour_v2,22,1,18.999984741210938,32.05926513671875,13.059280395507812,8,1.0,961,1,0,0,0.06354166666666666,success
parkour_new/010-distill-phase2-7500-tt,1600,1001,77,beam_gap,20,4,73.0,87.41619873046875,14.41619873046875,8,1.0,650,1,0,0,0.043076923076923075,success
parkour_new/010-distill-phase2-7500-tt,1600,1001,29,parkour_flat,16,1,18.999853134155273,33.613704681396484,14.613851547241211,8,1.0,970,1,0,0,0.0,success
parkour_new/010-distill-phase2-7500-tt,1600,1001,88,asymmetric_gap,21,3,55.0,59.09576416015625,4.09576416015625,3,0.375,313,0,1,0,0.14696485623003194,fall
parkour_new/010-distill-phase2-7500-tt,1600,1001,57,parkour_gap,18,3,55.0,62.093780517578125,7.093780517578125,4,0.5,423,0,1,0,0.0851063829787234,fall
parkour_new/010-distill-phase2-7500-tt,1600,1001,32,parkour_flat,16,3,54.99979782104492,69.93138122558594,14.931583404541016,8,1.0,997,1,0,0,0.0,success
parkour_new/010-distill-phase2-7500-tt,1600,1001,10,parkour,14,1,19.0,23.637611389160156,4.637611389160156,4,0.5,502,0,1,0,0.17131474103585656,fall
parkour_new/010-distill-phase2-7500-tt,1600,1001,24,parkour_flat,16,4,73.0,88.05809783935547,15.058097839355469,8,1.0,1004,1,0,0,0.0,success
parkour_new/010-distill-phase2-7500-tt,1600,1001,52,parkour_gap,18,1,19.0,23.51540184020996,4.515401840209961,3,0.375,257,0,1,0,0.14007782101167315,fall
parkour_new/010-distill-phase2-7500-tt,1600,1001,38,parkour_step,17,1,19.0,29.190277099609375,10.190277099609375,8,1.0,485,1,0,0,0.020618556701030927,success
parkour_new/010-distill-phase2-7500-tt,1600,1001,79,beam_gap,20,0,1.0,11.334166526794434,10.334166526794434,5,0.625,475,0,1,0,0.08,fall
parkour_new/010-distill-phase2-7500-tt,1600,1001,82,asymmetric_gap,21,3,55.0,59.642765045166016,4.642765045166016,3,0.375,343,0,1,0,0.19533527696793002,fall
parkour_new/010-distill-phase2-7500-tt,1600,1001,61,alternating_step,19,0,0.9997329115867615,13.200118064880371,12.20038515329361,8,1.0,1017,1,0,0,0.038385826771653545,success
parkour_new/010-distill-phase2-7500-tt,1600,1001,53,parkour_gap,18,4,72.99984741210938,87.30540466308594,14.305557250976562,8,1.0,1020,1,0,0,0.2561334641805692,success
parkour_new/010-distill-phase2-7500-tt,1600,1001,104,parkour_v2,22,0,1.0,10.185815811157227,9.185815811157227,6,0.75,507,0,1,0,0.10059171597633136,fall
parkour_new/010-distill-phase2-7500-tt,1600,1001,28,parkour_flat,16,3,54.99968338012695,69.9382095336914,14.938526153564453,8,1.0,1042,1,0,0,0.0,success
parkour_new/010-distill-phase2-7500-tt,1600,1001,75,beam_gap,20,3,55.0,63.33300018310547,8.333000183105469,4,0.5,390,0,1,0,0.03333333333333333,fall
parkour_new/010-distill-phase2-7500-tt,1600,1001,1,parkour,14,3,55.0,64.08106994628906,9.081069946289062,8,1.0,580,1,0,0,0.06896551724137931,success
parkour_new/010-distill-phase2-7500-tt,1600,1001,100,parkour_v2,22,4,73.0,76.75446319580078,3.7544631958007812,4,0.5,198,0,1,0,0.10606060606060606,fall
parkour_new/010-distill-phase2-7500-tt,1600,1001,6,parkour,14,1,19.0,28.22818374633789,9.22818374633789,8,1.0,670,1,0,0,0.0880597014925373,success
parkour_new/010-distill-phase2-7500-tt,1600,1001,84,asymmetric_gap,21,3,55.0,59.252471923828125,4.252471923828125,3,0.375,271,0,1,0,0.15867158671586715,fall
parkour_new/010-distill-phase2-7500-tt,1600,1001,47,parkour_gap,18,3,55.0,69.80445098876953,14.804450988769531,8,1.0,799,1,0,0,0.0425531914893617,success
parkour_new/010-distill-phase2-7500-tt,1600,1001,37,parkour_step,17,0,1.0,10.063145637512207,9.063145637512207,8,1.0,499,1,0,0,0.03807615230460922,success
parkour_new/010-distill-phase2-7500-tt,1600,1001,31,parkour_flat,16,2,36.999698638916016,51.64796829223633,14.648269653320312,8,1.0,1075,1,0,0,0.0,success
parkour_new/010-distill-phase2-7500-tt,1600,1001,80,beam_gap,20,4,73.0,78.27943420410156,5.2794342041015625,3,0.375,279,0,1,0,0.1003584229390681,fall
parkour_new/010-distill-phase2-7500-tt,1600,1001,94,parkour_v2,22,4,73.0,76.72040557861328,3.7204055786132812,3,0.375,213,0,1,0,0.009389671361502348,fall
parkour_new/010-distill-phase2-7500-tt,1600,1001,97,parkour_v2,22,2,37.0,45.950931549072266,8.950931549072266,6,0.75,592,0,1,0,0.0777027027027027,fall
parkour_new/010-distill-phase2-7500-tt,1600,1001,71,beam_gap,20,0,1.0,7.355888366699219,6.355888366699219,3,0.375,333,0,1,0,0.04804804804804805,fall
parkour_new/010-distill-phase2-7500-tt,1600,1001,50,parkour_gap,18,2,37.0,49.87337875366211,12.87337875366211,8,1.0,613,1,0,0,0.07177814029363784,success
parkour_new/010-distill-phase2-7500-tt,1600,1001,44,parkour_step,17,1,19.0,29.211978912353516,10.211978912353516,8,1.0,533,1,0,0,0.020637898686679174,success
parkour_new/010-distill-phase2-7500-tt,1600,1001,72,beam_gap,20,1,19.0,24.458141326904297,5.458141326904297,3,0.375,266,0,1,0,0.03383458646616541,fall
parkour_new/010-distill-phase2-7500-tt,1600,1001,81,beam_gap,20,0,1.0,5.455655097961426,4.455655097961426,2,0.25,250,0,1,0,0.044,fall
parkour_new/010-distill-phase2-7500-tt,1600,1001,125,climbing_wall,24,0,0.9999141693115234,12.376616477966309,11.376702308654785,8,1.0,1149,1,0,0,0.31794425087108014,success
parkour_new/010-distill-phase2-7500-tt,1600,1001,91,asymmetric_gap,21,3,55.0,59.47840881347656,4.4784088134765625,3,0.375,265,0,1,0,0.11320754716981132,fall
parkour_new/010-distill-phase2-7500-tt,1600,1001,98,parkour_v2,22,2,37.0,40.078269958496094,3.0782699584960938,2,0.25,236,0,1,0,0.1228813559322034,fall
parkour_new/010-distill-phase2-7500-tt,1600,1001,26,parkour_flat,16,4,72.99974060058594,88.0735855102539,15.073844909667969,8,1.0,1157,1,0,0,0.0,success
parkour_new/010-distill-phase2-7500-tt,1600,1001,99,parkour_v2,22,2,37.0,40.12654113769531,3.1265411376953125,2,0.25,271,0,1,0,0.15867158671586715,fall
parkour_new/010-distill-phase2-7500-tt,1600,1001,73,beam_gap,20,0,1.0,4.986007213592529,3.9860072135925293,2,0.25,242,0,1,0,0.05785123966942149,fall
parkour_new/010-distill-phase2-7500-tt,1600,1001,87,asymmetric_gap,21,0,1.0,5.6991095542907715,4.6991095542907715,3,0.375,267,0,1,0,0.00749063670411985,fall
parkour_new/010-distill-phase2-7500-tt,1600,1001,39,parkour_step,17,2,37.0,47.49736785888672,10.497367858886719,8,1.0,596,1,0,0,0.026845637583892617,success
parkour_new/010-distill-phase2-7500-tt,1600,1001,7,parkour,14,4,73.0,81.40462493896484,8.404624938964844,8,1.0,577,1,0,0,0.06239168110918544,success
parkour_new/010-distill-phase2-7500-tt,1600,1001,34,parkour_flat,16,0,0.9999186396598816,15.473974227905273,14.474055588245392,8,1.0,1168,1,0,0,0.0,success
parkour_new/010-distill-phase2-7500-tt,1600,1001,43,parkour_step,17,2,37.0,47.493343353271484,10.493343353271484,8,1.0,593,1,0,0,0.021922428330522766,success
parkour_new/010-distill-phase2-7500-tt,1600,1001,76,beam_gap,20,2,37.0,41.33196258544922,4.331962585449219,2,0.25,244,0,1,0,0.040983606557377046,fall
parkour_new/010-distill-phase2-7500-tt,1600,1001,102,parkour_v2,22,3,54.999935150146484,69.27650451660156,14.276569366455078,8,1.0,1194,1,0,0,0.1181894383906119,success
parkour_new/010-distill-phase2-7500-tt,1600,1001,36,parkour_step,17,4,73.0,83.865478515625,10.865478515625,8,1.0,624,1,0,0,0.04487179487179487,success
parkour_new/010-distill-phase2-7500-tt,1600,1001,46,parkour_step,17,2,37.0,47.49677276611328,10.496772766113281,8,1.0,611,1,0,0,0.022913256955810146,success
parkour_new/010-distill-phase2-7500-tt,1600,1001,90,asymmetric_gap,21,2,37.0,47.34701156616211,10.34701156616211,8,1.0,678,1,0,0,0.061946902654867256,success
parkour_new/010-distill-phase2-7500-tt,1600,1001,40,parkour_step,17,4,73.0,83.81779479980469,10.817794799804688,8,1.0,540,1,0,0,0.007407407407407408,success
parkour_new/010-distill-phase2-7500-tt,1600,1001,82,asymmetric_gap,21,3,55.0,57.847503662109375,2.847503662109375,2,0.25,220,0,1,0,0.17272727272727273,fall
parkour_new/010-distill-phase2-7500-tt,1600,1001,41,parkour_step,17,4,73.0,83.79525756835938,10.795257568359375,8,1.0,591,1,0,0,0.01692047377326565,success
parkour_new/010-distill-phase2-7500-tt,1600,1001,78,beam_gap,20,2,37.0,45.799583435058594,8.799583435058594,4,0.5,465,0,1,0,0.06881720430107527,fall
parkour_new/010-distill-phase2-7500-tt,1600,1001,45,parkour_step,17,2,37.0,47.47689437866211,10.47689437866211,8,1.0,624,1,0,0,0.020833333333333332,success
parkour_new/010-distill-phase2-7500-tt,1600,1001,88,asymmetric_gap,21,3,55.0,57.76176452636719,2.7617645263671875,2,0.25,270,0,1,0,0.1962962962962963,fall
parkour_new/010-distill-phase2-7500-tt,1600,1001,42,parkour_step,17,4,73.0,83.82469177246094,10.824691772460938,8,1.0,576,1,0,0,0.020833333333333332,success
parkour_new/010-distill-phase2-7500-tt,1600,1001,52,parkour_gap,18,1,19.0,23.422422409057617,4.422422409057617,3,0.375,250,0,1,0,0.028,fall
parkour_new/010-distill-phase2-7500-tt,1600,1001,94,parkour_v2,22,4,73.0,76.7728500366211,3.7728500366210938,3,0.375,183,0,1,0,0.03825136612021858,fall
parkour_new/010-distill-phase2-7500-tt,1600,1001,54,parkour_gap,18,2,37.0,49.87934875488281,12.879348754882812,8,1.0,610,1,0,0,0.006557377049180328,success
parkour_new/010-distill-phase2-7500-tt,1600,1001,86,asymmetric_gap,21,0,1.0,5.162708282470703,4.162708282470703,3,0.375,322,0,1,0,0.06521739130434782,fall
parkour_new/010-distill-phase2-7500-tt,1600,1001,77,beam_gap,20,4,73.0,78.51045227050781,5.5104522705078125,3,0.375,318,0,1,0,0.040880503144654086,fall
parkour_new/010-distill-phase2-7500-tt,1600,1001,100,parkour_v2,22,4,73.0,76.77888488769531,3.7788848876953125,4,0.5,234,0,1,0,0.16666666666666666,fall
parkour_new/010-distill-phase2-7500-tt,1600,1001,74,beam_gap,20,0,1.0,12.195939064025879,11.195939064025879,5,0.625,492,0,1,0,0.036585365853658534,fall
parkour_new/010-distill-phase2-7500-tt,1600,1001,51,parkour_gap,18,1,19.0,31.834531784057617,12.834531784057617,8,1.0,614,1,0,0,0.07003257328990228,success
parkour_new/010-distill-phase2-7500-tt,1600,1001,56,parkour_gap,18,3,55.0,69.80046081542969,14.800460815429688,8,1.0,754,1,0,0,0.04509283819628647,success
parkour_new/010-distill-phase2-7500-tt,1600,1001,70,beam_gap,20,3,55.0,62.63833999633789,7.638339996337891,4,0.5,364,0,1,0,0.06593406593406594,fall
parkour_new/010-distill-phase2-7500-tt,1600,1001,80,beam_gap,20,4,73.0,76.97367858886719,3.9736785888671875,2,0.25,241,0,1,0,0.008298755186721992,fall
parkour_new/010-distill-phase2-7500-tt,1600,1001,84,asymmetric_gap,21,3,55.0,59.40000534057617,4.400005340576172,3,0.375,264,0,1,0,0.10227272727272728,fall
parkour_new/010-distill-phase2-7500-tt,1600,1001,116,narrow_gap,23,4,73.0,81.2533187866211,8.253318786621094,8,1.0,676,1,0,0,0.371301775147929,success
parkour_new/010-distill-phase2-7500-tt,1600,1001,35,parkour_step,17,3,55.0,63.443538665771484,8.443538665771484,8,1.0,423,1,0,0,0.030732860520094562,success
parkour_new/010-distill-phase2-7500-tt,1600,1001,72,beam_gap,20,1,19.0,22.253509521484375,3.253509521484375,2,0.25,240,0,1,0,0.008333333333333333,fall
parkour_new/010-distill-phase2-7500-tt,1600,1001,93,asymmetric_gap,21,4,73.0,80.51974487304688,7.519744873046875,5,0.625,564,0,1,0,0.05319148936170213,fall
parkour_new/010-distill-phase2-7500-tt,1600,1001,111,narrow_gap,23,1,19.0,28.068641662597656,9.068641662597656,8,1.0,666,1,0,0,0.32882882882882886,success
parkour_new/010-distill-phase2-7500-tt,1600,1001,89,asymmetric_gap,21,2,37.0,42.04937744140625,5.04937744140625,4,0.5,419,0,1,0,0.057279236276849645,fall
parkour_new/010-distill-phase2-7500-tt,1600,1001,79,beam_gap,20,0,1.0,7.423427104949951,6.423427104949951,3,0.375,360,0,1,0,0.005555555555555556,fall
parkour_new/010-distill-phase2-7500-tt,1600,1001,118,climbing_wall,24,3,55.0,65.78193664550781,10.781936645507812,8,1.0,697,1,0,0,0.1649928263988522,success
parkour_new/010-distill-phase2-7500-tt,1600,1001,109,narrow_gap,23,4,73.0,81.34867858886719,8.348678588867188,8,1.0,667,1,0,0,0.3103448275862069,success
parkour_new/010-distill-phase2-7500-tt,1600,1001,98,parkour_v2,22,2,37.0,40.14213180541992,3.142131805419922,2,0.25,234,0,1,0,0.09829059829059829,fall
parkour_new/010-distill-phase2-7500-tt,1600,1001,49,parkour_gap,18,2,37.0,49.85274887084961,12.85274887084961,8,1.0,686,1,0,0,0.09912536443148688,success
parkour_new/010-distill-phase2-7500-tt,1600,1001,60,alternating_step,19,3,55.0,66.66292572021484,11.662925720214844,8,1.0,721,1,0,0,0.04022191400832178,success
parkour_new/010-distill-phase2-7500-tt,1600,1001,81,beam_gap,20,0,1.0,5.747486591339111,4.747486591339111,2,0.25,276,0,1,0,0.007246376811594203,fall
parkour_new/010-distill-phase2-7500-tt,1600,1001,76,beam_gap,20,2,37.0,41.28764343261719,4.2876434326171875,2,0.25,232,0,1,0,0.01293103448275862,fall
parkour_new/010-distill-phase2-7500-tt,1600,1001,82,asymmetric_gap,21,3,55.0,57.82332229614258,2.823322296142578,2,0.25,195,0,1,0,0.13846153846153847,fall
parkour_new/010-distill-phase2-7500-tt,1600,1001,73,beam_gap,20,0,1.0,5.8718037605285645,4.8718037605285645,2,0.25,267,0,1,0,0.003745318352059925,fall
parkour_new/010-distill-phase2-7500-tt,1600,1001,5,parkour,14,2,37.0,45.64081573486328,8.640815734863281,8,1.0,740,1,0,0,0.0891891891891892,success
parkour_new/010-distill-phase2-7500-tt,1600,1001,68,alternating_step,19,3,55.0,66.62786865234375,11.62786865234375,8,1.0,720,1,0,0,0.018055555555555554,success
parkour_new/010-distill-phase2-7500-tt,1600,1001,59,alternating_step,19,2,37.0,48.91682434082031,11.916824340820312,8,1.0,722,1,0,0,0.02077562326869806,success
parkour_new/010-distill-phase2-7500-tt,1600,1001,113,narrow_gap,23,0,1.0,9.881542205810547,8.881542205810547,8,1.0,690,1,0,0,0.28840579710144926,success
parkour_new/010-distill-phase2-7500-tt,1600,1001,69,alternating_step,19,2,37.0,48.88671875,11.88671875,8,1.0,690,1,0,0,0.028985507246376812,success
parkour_new/010-distill-phase2-7500-tt,1600,1001,110,narrow_gap,23,0,1.0,9.899413108825684,8.899413108825684,8,1.0,721,1,0,0,0.4077669902912621,success
parkour_new/010-distill-phase2-7500-tt,1600,1001,67,alternating_step,19,2,37.0,48.87080001831055,11.870800018310547,8,1.0,712,1,0,0,0.026685393258426966,success
parkour_new/010-distill-phase2-7500-tt,1600,1001,2,parkour,14,1,19.0,23.588960647583008,4.588960647583008,4,0.5,672,0,1,0,0.43154761904761907,fall
parkour_new/010-distill-phase2-7500-tt,1600,1001,22,parkour_hurdle,15,2,37.0,49.44138717651367,12.441387176513672,8,1.0,755,1,0,0,0.03708609271523179,success
parkour_new/010-distill-phase2-7500-tt,1600,1001,91,asymmetric_gap,21,3,55.0,59.48183059692383,4.481830596923828,3,0.375,318,0,1,0,0.11320754716981132,fall
parkour_new/010-distill-phase2-7500-tt,1600,1001,92,asymmetric_gap,21,2,37.0,43.86986541748047,6.869865417480469,5,0.625,581,0,1,0,0.10499139414802065,fall
parkour_new/010-distill-phase2-7500-tt,1600,1001,114,narrow_gap,23,1,19.0,28.04439926147461,9.04439926147461,8,1.0,687,1,0,0,0.2692867540029112,success
parkour_new/010-distill-phase2-7500-tt,1600,1001,10,parkour,14,1,19.0,23.59474754333496,4.594747543334961,4,0.5,479,0,1,0,0.11482254697286012,fall
parkour_new/010-distill-phase2-7500-tt,1600,1001,94,parkour_v2,22,4,73.0,76.76472473144531,3.7647247314453125,4,0.5,214,0,1,0,0.16355140186915887,fall
parkour_new/010-distill-phase2-7500-tt,1600,1001,115,narrow_gap,23,2,37.0,46.19948196411133,9.199481964111328,8,1.0,684,1,0,0,0.2880116959064328,success
parkour_new/010-distill-phase2-7500-tt,1600,1001,112,narrow_gap,23,0,1.0,9.895890235900879,8.895890235900879,8,1.0,722,1,0,0,0.36149584487534625,success
parkour_new/010-distill-phase2-7500-tt,1600,1001,122,climbing_wall,24,0,1.0,12.373867988586426,11.373867988586426,8,1.0,672,1,0,0,0.20535714285714285,success
parkour_new/010-distill-phase2-7500-tt,1600,1001,87,asymmetric_gap,21,0,1.0,5.790839672088623,4.790839672088623,3,0.375,328,0,1,0,0.057926829268292686,fall
parkour_new/010-distill-phase2-7500-tt,1600,1001,120,climbing_wall,24,0,1.0,12.334671020507812,11.334671020507812,8,1.0,854,1,0,0,0.1592505854800937,success
parkour_new/010-distill-phase2-7500-tt,1600,1001,100,parkour_v2,22,4,73.0,76.72039031982422,3.7203903198242188,3,0.375,230,0,1,0,0.017391304347826087,fall
parkour_new/010-distill-phase2-7500-tt,1600,1001,27,parkour_flat,16,3,55.0,69.95661163330078,14.956611633300781,8,1.0,1127,1,0,0,0.0,success
parkour_new/010-distill-phase2-7500-tt,1600,1001,108,narrow_gap,23,4,73.0,81.2662582397461,8.266258239746094,8,1.0,763,1,0,0,0.33682830930537355,success
parkour_new/010-distill-phase2-7500-tt,1600,1001,21,parkour_hurdle,15,2,37.0,49.43730163574219,12.437301635742188,8,1.0,731,1,0,0,0.04103967168262654,success
parkour_new/010-distill-phase2-7500-tt,1600,1001,106,narrow_gap,23,1,19.0,28.070737838745117,9.070737838745117,8,1.0,792,1,0,0,0.29797979797979796,success
parkour_new/010-distill-phase2-7500-tt,1600,1001,97,parkour_v2,22,2,37.0,43.86037826538086,6.860378265380859,4,0.5,445,0,1,0,0.04269662921348315,fall
parkour_new/010-distill-phase2-7500-tt,1600,1001,104,parkour_v2,22,0,1.0,10.212742805480957,9.212742805480957,6,0.75,505,0,1,0,0.053465346534653464,fall
parkour_new/010-distill-phase2-7500-tt,1600,1001,18,parkour_hurdle,15,2,37.0,49.442420959472656,12.442420959472656,8,1.0,699,1,0,0,0.02861230329041488,success
parkour_new/010-distill-phase2-7500-tt,1600,1001,16,parkour_hurdle,15,0,1.0,13.738409996032715,12.738409996032715,8,1.0,815,1,0,0,0.03558282208588957,success
parkour_new/010-distill-phase2-7500-tt,1600,1001,19,parkour_hurdle,15,1,19.0,32.002662658691406,13.002662658691406,8,1.0,770,1,0,0,0.03766233766233766,success
parkour_new/010-distill-phase2-7500-tt,1600,1001,64,alternating_step,19,4,73.0,84.95359802246094,11.953598022460938,8,1.0,795,1,0,0,0.050314465408805034,success
parkour_new/010-distill-phase2-7500-tt,1600,1001,11,parkour,14,2,37.0,45.59874725341797,8.598747253417969,8,1.0,636,1,0,0,0.10534591194968554,success
parkour_new/010-distill-phase2-7500-tt,1600,1001,6,parkour,14,1,19.0,25.28360366821289,6.283603668212891,5,0.625,496,0,1,0,0.06451612903225806,fall
parkour_new/010-distill-phase2-7500-tt,1600,1001,38,parkour_step,17,1,19.0,29.202016830444336,10.202016830444336,8,1.0,544,1,0,0,0.02389705882352941,success
parkour_new/010-distill-phase2-7500-tt,1600,1001,17,parkour_hurdle,15,4,73.0,86.15614318847656,13.156143188476562,8,1.0,688,1,0,0,0.036337209302325583,success
parkour_new/010-distill-phase2-7500-tt,1600,1001,23,parkour_hurdle,15,3,55.0,68.4361801147461,13.436180114746094,8,1.0,780,1,0,0,0.0782051282051282,success
parkour_new/010-distill-phase2-7500-tt,1600,1001,20,parkour_hurdle,15,1,19.0,32.03261184692383,13.032611846923828,8,1.0,758,1,0,0,0.03562005277044855,success
parkour_new/010-distill-phase2-7500-tt,1600,1001,107,narrow_gap,23,0,1.0,9.910367965698242,8.910367965698242,8,1.0,756,1,0,0,0.2962962962962963,success
parkour_new/010-distill-phase2-7500-tt,1600,1001,55,parkour_gap,18,0,1.0,14.973642349243164,13.973642349243164,8,1.0,845,1,0,0,0.14911242603550295,success
parkour_new/010-distill-phase2-7500-tt,1600,1001,58,parkour_gap,18,4,73.0,87.27497863769531,14.274978637695312,8,1.0,684,1,0,0,0.15350877192982457,success
parkour_new/010-distill-phase2-7500-tt,1600,1001,37,parkour_step,17,0,1.0,10.058661460876465,9.058661460876465,8,1.0,531,1,0,0,0.032015065913371,success
parkour_new/010-distill-phase2-7500-tt,1600,1001,66,alternating_step,19,3,55.0,66.65863800048828,11.658638000488281,8,1.0,730,1,0,0,0.0410958904109589,success
parkour_new/010-distill-phase2-7500-tt,1600,1001,9,parkour,14,2,37.0,45.594356536865234,8.594356536865234,8,1.0,749,1,0,0,0.09479305740987984,success
parkour_new/010-distill-phase2-7500-tt,1600,1001,126,climbing_wall,24,2,37.0,48.06793975830078,11.067939758300781,8,1.0,845,1,0,0,0.2485207100591716,success
parkour_new/010-distill-phase2-7500-tt,1600,1001,44,parkour_step,17,1,19.0,29.221040725708008,10.221040725708008,8,1.0,525,1,0,0,0.02857142857142857,success
parkour_new/010-distill-phase2-7500-tt,1600,1001,13,parkour_hurdle,15,4,73.0,86.16820526123047,13.168205261230469,8,1.0,741,1,0,0,0.02564102564102564,success
parkour_new/010-distill-phase2-7500-tt,1600,1001,1,parkour,14,3,55.0,64.06805419921875,9.06805419921875,8,1.0,594,1,0,0,0.04208754208754209,success
parkour_new/010-distill-phase2-7500-tt,1600,1001,8,parkour,14,0,1.0,5.795069217681885,4.795069217681885,5,0.625,1200,0,1,0,0.4033333333333333,fall
parkour_new/010-distill-phase2-7500-tt,1600,1001,117,climbing_wall,24,4,73.0,84.37975311279297,11.379753112792969,8,1.0,830,1,0,0,0.172289156626506,success
parkour_new/010-distill-phase2-7500-tt,1600,1001,119,climbing_wall,24,0,1.0,12.356135368347168,11.356135368347168,8,1.0,796,1,0,0,0.25251256281407036,success
parkour_new/010-distill-phase2-7500-tt,1600,1001,62,alternating_step,19,2,37.0,48.86155319213867,11.861553192138672,8,1.0,873,1,0,0,0.037800687285223365,success
parkour_new/010-distill-phase2-7500-tt,1600,1001,48,parkour_gap,18,4,73.0,87.31145477294922,14.311454772949219,8,1.0,834,1,0,0,0.24940047961630696,success
parkour_new/010-distill-phase2-7500-tt,1600,1001,94,parkour_v2,22,4,73.0,76.80238342285156,3.8023834228515625,4,0.5,214,0,1,0,0.08878504672897196,fall
parkour_new/010-distill-phase2-7500-tt,1600,1001,63,alternating_step,19,1,19.0,31.0913028717041,12.091302871704102,8,1.0,882,1,0,0,0.018140589569160998,success
parkour_new/010-distill-phase2-7500-tt,1600,1001,99,parkour_v2,22,2,37.0,46.496337890625,9.496337890625,6,0.75,548,0,1,0,0.1551094890510949,fall
parkour_new/010-distill-phase2-7500-tt,1600,1001,7,parkour,14,4,73.0,81.38395690917969,8.383956909179688,8,1.0,543,1,0,0,0.06261510128913444,success
parkour_new/010-distill-phase2-7500-tt,1600,1001,123,climbing_wall,24,4,73.0,84.36775207519531,11.367752075195312,8,1.0,860,1,0,0,0.2569767441860465,success
parkour_new/010-distill-phase2-7500-tt,1600,1001,97,parkour_v2,22,2,37.0,40.04446792602539,3.0444679260253906,2,0.25,199,0,1,0,0.0,fall
parkour_new/010-distill-phase2-7500-tt,1600,1001,39,parkour_step,17,2,37.0,47.521644592285156,10.521644592285156,8,1.0,590,1,0,0,0.01864406779661017,success
parkour_new/010-distill-phase2-7500-tt,1600,1001,100,parkour_v2,22,4,73.0,76.80560302734375,3.80560302734375,4,0.5,242,0,1,0,0.12396694214876033,fall
parkour_new/010-distill-phase2-7500-tt,1600,1001,46,parkour_step,17,2,37.0,47.504093170166016,10.504093170166016,8,1.0,568,1,0,0,0.017605633802816902,success
parkour_new/010-distill-phase2-7500-tt,1600,1001,12,parkour_hurdle,15,3,55.0,68.4307861328125,13.4307861328125,8,1.0,973,1,0,0,0.046248715313463515,success
parkour_new/010-distill-phase2-7500-tt,1600,1001,127,climbing_wall,24,0,1.0,12.374478340148926,11.374478340148926,8,1.0,965,1,0,0,0.2549222797927461,success
parkour_new/010-distill-phase2-7500-tt,1600,1001,15,parkour_hurdle,15,0,1.0,13.74449634552002,12.74449634552002,8,1.0,960,1,0,0,0.05,success
parkour_new/010-distill-phase2-7500-tt,1600,1001,124,climbing_wall,24,2,37.0,48.05755615234375,11.05755615234375,8,1.0,929,1,0,0,0.25941872981700753,success
parkour_new/010-distill-phase2-7500-tt,1600,1001,103,parkour_v2,22,1,19.0,32.05937576293945,13.059375762939453,8,1.0,872,1,0,0,0.0481651376146789,success
parkour_new/010-distill-phase2-7500-tt,1600,1001,2,parkour,14,1,19.0,23.27670669555664,4.276706695556641,4,0.5,343,0,1,0,0.18075801749271136,fall
parkour_new/010-distill-phase2-7500-tt,1600,1001,95,parkour_v2,22,3,55.0,69.32205963134766,14.322059631347656,8,1.0,906,1,0,0,0.09492273730684327,success
parkour_new/010-distill-phase2-7500-tt,1600,1001,36,parkour_step,17,4,73.0,83.84066772460938,10.840667724609375,8,1.0,627,1,0,0,0.028708133971291867,success
parkour_new/010-distill-phase2-7500-tt,1600,1001,45,parkour_step,17,2,37.0,47.47856521606445,10.478565216064453,8,1.0,584,1,0,0,0.030821917808219176,success
parkour_new/010-distill-phase2-7500-tt,1600,1001,57,parkour_gap,18,3,55.0,69.79889678955078,14.798896789550781,8,1.0,860,1,0,0,0.1558139534883721,success
parkour_new/010-distill-phase2-7500-tt,1600,1001,65,alternating_step,19,0,1.0,13.222509384155273,12.222509384155273,8,1.0,980,1,0,0,0.02857142857142857,success
parkour_new/010-distill-phase2-7500-tt,1600,1001,14,parkour_hurdle,15,4,73.0,86.13941955566406,13.139419555664062,8,1.0,931,1,0,0,0.02577873254564984,success
parkour_new/010-distill-phase2-7500-tt,1600,1001,98,parkour_v2,22,2,37.0,43.84283447265625,6.84283447265625,4,0.5,461,0,1,0,0.0911062906724512,fall
parkour_new/010-distill-phase2-7500-tt,1600,1001,43,parkour_step,17,2,37.0,47.49486541748047,10.494865417480469,8,1.0,680,1,0,0,0.011764705882352941,success
parkour_new/010-distill-phase2-7500-tt,1600,1001,47,parkour_gap,18,3,55.0,69.82005310058594,14.820053100585938,8,1.0,788,1,0,0,0.06852791878172589,success
parkour_new/010-distill-phase2-7500-tt,1600,1001,35,parkour_step,17,3,55.0,63.44785690307617,8.447856903076172,8,1.0,508,1,0,0,0.03346456692913386,success
parkour_new/010-distill-phase2-7500-tt,1600,1001,40,parkour_step,17,4,73.0,83.83901977539062,10.839019775390625,8,1.0,636,1,0,0,0.0440251572327044,success
parkour_new/010-distill-phase2-7500-tt,1600,1001,41,parkour_step,17,4,73.0,83.78160858154297,10.781608581542969,8,1.0,637,1,0,0,0.05023547880690738,success
parkour_new/010-distill-phase2-7500-tt,1600,1001,94,parkour_v2,22,4,73.0,76.71267700195312,3.712677001953125,3,0.375,191,0,1,0,0.09947643979057591,fall
parkour_new/010-distill-phase2-7500-tt,1600,1001,50,parkour_gap,18,2,37.0,49.85490417480469,12.854904174804688,8,1.0,793,1,0,0,0.1034047919293821,success
parkour_new/010-distill-phase2-7500-tt,1600,1001,125,climbing_wall,24,0,1.0,12.36417007446289,11.36417007446289,8,1.0,754,1,0,0,0.1856763925729443,success
parkour_new/010-distill-phase2-7500-tt,1600,1001,51,parkour_gap,18,1,19.0,31.79541015625,12.79541015625,8,1.0,615,1,0,0,0.06991869918699187,success
parkour_new/010-distill-phase2-7500-tt,1600,1001,42,parkour_step,17,4,73.0,83.80962371826172,10.809623718261719,8,1.0,663,1,0,0,0.01809954751131222,success
parkour_new/010-distill-phase2-7500-tt,1600,1001,99,parkour_v2,22,2,37.0,40.053924560546875,3.053924560546875,2,0.25,211,0,1,0,0.04739336492890995,fall
parkour_new/010-distill-phase2-7500-tt,1600,1001,29,parkour_flat,16,1,19.0,33.5985107421875,14.5985107421875,8,1.0,948,1,0,0,0.0,success
parkour_new/010-distill-phase2-7500-tt,1600,1001,30,parkour_flat,16,3,55.0,69.91312408447266,14.913124084472656,8,1.0,994,1,0,0,0.0,success
parkour_new/010-distill-phase2-7500-tt,1600,1001,28,parkour_flat,16,3,55.0,69.9011459350586,14.901145935058594,8,1.0,920,1,0,0,0.0,success
parkour_new/010-distill-phase2-7500-tt,1600,1001,52,parkour_gap,18,1,19.0,31.79664421081543,12.79664421081543,8,1.0,716,1,0,0,0.12430167597765363,success
parkour_new/010-distill-phase2-7500-tt,1600,1001,53,parkour_gap,18,4,73.0,87.31267547607422,14.312675476074219,8,1.0,959,1,0,0,0.22940563086548488,success
parkour_new/010-distill-phase2-7500-tt,1600,1001,54,parkour_gap,18,2,37.0,49.891231536865234,12.891231536865234,8,1.0,706,1,0,0,0.049575070821529746,success
parkour_new/010-distill-phase2-7500-tt,1600,1001,100,parkour_v2,22,4,73.0,76.74144744873047,3.7414474487304688,4,0.5,230,0,1,0,0.09130434782608696,fall
parkour_new/010-distill-phase2-7500-tt,1600,1001,6,parkour,14,1,19.0,24.863264083862305,5.863264083862305,5,0.625,435,0,1,0,0.05517241379310345,fall
parkour_new/010-distill-phase2-7500-tt,1600,1001,25,parkour_flat,16,0,1.0,15.472458839416504,14.472458839416504,8,1.0,1078,1,0,0,0.0,success
parkour_new/010-distill-phase2-7500-tt,1600,1001,24,parkour_flat,16,4,73.0,88.03524017333984,15.035240173339844,8,1.0,1041,1,0,0,0.0,success
parkour_new/010-distill-phase2-7500-tt,1600,1001,38,parkour_step,17,1,19.0,29.198108673095703,10.198108673095703,8,1.0,492,1,0,0,0.03048780487804878,success
parkour_new/010-distill-phase2-7500-tt,1600,1001,32,parkour_flat,16,3,55.0,69.92241668701172,14.922416687011719,8,1.0,1052,1,0,0,0.0,success
parkour_new/010-distill-phase2-7500-tt,1600,1001,49,parkour_gap,18,2,37.0,49.851036071777344,12.851036071777344,8,1.0,667,1,0,0,0.050974512743628186,success
parkour_new/010-distill-phase2-7500-tt,1600,1001,33,parkour_flat,16,4,73.0,88.04764556884766,15.047645568847656,8,1.0,1129,1,0,0,0.0,success
parkour_new/010-distill-phase2-7500-tt,1600,1001,96,parkour_v2,22,1,19.0,28.356521606445312,9.356521606445312,5,0.625,1118,0,1,0,0.34973166368515207,fall
parkour_new/010-distill-phase2-7500-tt,1600,1001,37,parkour_step,17,0,1.0,10.070512771606445,9.070512771606445,8,1.0,494,1,0,0,0.04048582995951417,success
parkour_new/010-distill-phase2-7500-tt,1600,1001,109,narrow_gap,23,4,73.0,81.2818832397461,8.281883239746094,8,1.0,712,1,0,0,0.3160112359550562,success
parkour_new/010-distill-phase2-7500-tt,1600,1001,56,parkour_gap,18,3,55.0,69.79452514648438,14.794525146484375,8,1.0,797,1,0,0,0.037641154328732745,success
parkour_new/010-distill-phase2-7500-tt,1600,1001,60,alternating_step,19,3,55.0,66.63738250732422,11.637382507324219,8,1.0,693,1,0,0,0.027417027417027416,success
parkour_new/010-distill-phase2-7500-tt,1600,1001,1,parkour,14,3,55.0,60.63401794433594,5.6340179443359375,5,0.625,459,0,1,0,0.08932461873638345,fall
parkour_new/010-distill-phase2-7500-tt,1600,1001,10,parkour,14,1,19.0,23.516578674316406,4.516578674316406,4,0.5,635,0,1,0,0.4062992125984252,fall
parkour_new/010-distill-phase2-7500-tt,1600,1001,116,narrow_gap,23,4,73.0,81.26717376708984,8.267173767089844,8,1.0,776,1,0,0,0.3015463917525773,success
parkour_new/010-distill-phase2-7500-tt,1600,1001,5,parkour,14,2,37.0,45.64793014526367,8.647930145263672,8,1.0,699,1,0,0,0.08011444921316166,success
parkour_new/010-distill-phase2-7500-tt,1600,1001,110,narrow_gap,23,0,1.0,9.9275484085083,8.9275484085083,8,1.0,688,1,0,0,0.3168604651162791,success
parkour_new/010-distill-phase2-7500-tt,1600,1001,44,parkour_step,17,1,19.0,29.21104621887207,10.21104621887207,8,1.0,513,1,0,0,0.015594541910331383,success
parkour_new/010-distill-phase2-7500-tt,1600,1001,111,narrow_gap,23,1,19.0,28.037172317504883,9.037172317504883,8,1.0,784,1,0,0,0.31887755102040816,success
parkour_new/010-distill-phase2-7500-tt,1600,1001,34,parkour_flat,16,0,1.0,15.480496406555176,14.480496406555176,8,1.0,984,1,0,0,0.0,success
parkour_new/010-distill-phase2-7500-tt,1600,1001,69,alternating_step,19,2,37.0,48.87235641479492,11.872356414794922,8,1.0,711,1,0,0,0.02250351617440225,success
parkour_new/010-distill-phase2-7500-tt,1600,1001,113,narrow_gap,23,0,1.0,9.908722877502441,8.908722877502441,8,1.0,719,1,0,0,0.3184979137691238,success
parkour_new/010-distill-phase2-7500-tt,1600,1001,51,parkour_gap,18,1,19.0,22.04275131225586,3.0427513122558594,2,0.25,248,0,1,0,0.1532258064516129,fall
parkour_new/010-distill-phase2-7500-tt,1600,1001,31,parkour_flat,16,2,37.0,51.63874816894531,14.638748168945312,8,1.0,1111,1,0,0,0.0,success
parkour_new/010-distill-phase2-7500-tt,1600,1001,114,narrow_gap,23,1,19.0,28.079748153686523,9.079748153686523,8,1.0,722,1,0,0,0.2770083102493075,success
parkour_new/010-distill-phase2-7500-tt,1600,1001,115,narrow_gap,23,2,37.0,46.27098083496094,9.270980834960938,8,1.0,716,1,0,0,0.3100558659217877,success
parkour_new/010-distill-phase2-7500-tt,1600,1001,67,alternating_step,19,2,37.0,48.874759674072266,11.874759674072266,8,1.0,748,1,0,0,0.017379679144385027,success
parkour_new/010-distill-phase2-7500-tt,1600,1001,118,climbing_wall,24,3,55.0,65.79773712158203,10.797737121582031,8,1.0,835,1,0,0,0.1784431137724551,success
parkour_new/010-distill-phase2-7500-tt,1600,1001,59,alternating_step,19,2,37.0,48.875511169433594,11.875511169433594,8,1.0,776,1,0,0,0.04639175257731959,success
parkour_new/010-distill-phase2-7500-tt,1600,1001,16,parkour_hurdle,15,0,1.0,13.756891250610352,12.756891250610352,8,1.0,683,1,0,0,0.07320644216691069,success
parkour_new/010-distill-phase2-7500-tt,1600,1001,18,parkour_hurdle,15,2,37.0,49.43879699707031,12.438796997070312,8,1.0,688,1,0,0,0.06395348837209303,success
parkour_new/010-distill-phase2-7500-tt,1600,1001,68,alternating_step,19,3,55.0,66.63299560546875,11.63299560546875,8,1.0,798,1,0,0,0.03634085213032581,success
parkour_new/010-distill-phase2-7500-tt,1600,1001,9,parkour,14,2,37.0,45.62461853027344,8.624618530273438,8,1.0,639,1,0,0,0.09859154929577464,success
parkour_new/010-distill-phase2-7500-tt,1600,1001,106,narrow_gap,23,1,19.0,28.08220100402832,9.08220100402832,8,1.0,727,1,0,0,0.2544704264099037,success
parkour_new/010-distill-phase2-7500-tt,1600,1001,19,parkour_hurdle,15,1,19.0,31.982952117919922,12.982952117919922,8,1.0,714,1,0,0,0.049019607843137254,success
parkour_new/010-distill-phase2-7500-tt,1600,1001,52,parkour_gap,18,1,19.0,23.425479888916016,4.425479888916016,3,0.375,284,0,1,0,0.08450704225352113,fall
parkour_new/010-distill-phase2-7500-tt,1600,1001,21,parkour_hurdle,15,2,37.0,49.45378875732422,12.453788757324219,8,1.0,736,1,0,0,0.028532608695652172,success
parkour_new/010-distill-phase2-7500-tt,1600,1001,108,narrow_gap,23,4,73.0,81.27049255371094,8.270492553710938,8,1.0,744,1,0,0,0.33198924731182794,success
parkour_new/010-distill-phase2-7500-tt,1600,1001,58,parkour_gap,18,4,73.0,87.28279876708984,14.282798767089844,8,1.0,692,1,0,0,0.09104046242774566,success
parkour_new/010-distill-phase2-7500-tt,1600,1001,26,parkour_flat,16,4,73.0,88.0470199584961,15.047019958496094,8,1.0,1124,1,0,0,0.0,success
parkour_new/010-distill-phase2-7500-tt,1600,1001,107,narrow_gap,23,0,1.0,9.897809982299805,8.897809982299805,8,1.0,725,1,0,0,0.4496551724137931,success
parkour_new/010-distill-phase2-7500-tt,1600,1001,35,parkour_step,17,3,55.0,63.44752883911133,8.447528839111328,8,1.0,443,1,0,0,0.02708803611738149,success
parkour_new/010-distill-phase2-7500-tt,1600,1001,55,parkour_gap,18,0,1.0,14.988747596740723,13.988747596740723,8,1.0,720,1,0,0,0.11944444444444445,success
parkour_new/010-distill-phase2-7500-tt,1600,1001,112,narrow_gap,23,0,1.0,9.91441822052002,8.91441822052002,8,1.0,823,1,0,0,0.330498177399757,success
parkour_new/010-distill-phase2-7500-tt,1600,1001,7,parkour,14,4,73.0,81.32915496826172,8.329154968261719,8,1.0,611,1,0,0,0.09001636661211129,success
parkour_new/010-distill-phase2-7500-tt,1600,1001,17,parkour_hurdle,15,4,73.0,86.12660217285156,13.126602172851562,8,1.0,771,1,0,0,0.028534370946822308,success
parkour_new/010-distill-phase2-7500-tt,1600,1001,22,parkour_hurdle,15,2,37.0,49.4456787109375,12.4456787109375,8,1.0,860,1,0,0,0.03604651162790698,success
parkour_new/010-distill-phase2-7500-tt,1600,1001,120,climbing_wall,24,0,1.0,12.286652565002441,11.286652565002441,8,1.0,850,1,0,0,0.26,success
parkour_new/010-distill-phase2-7500-tt,1600,1001,39,parkour_step,17,2,37.0,47.52456283569336,10.52456283569336,8,1.0,600,1,0,0,0.011666666666666667,success
parkour_new/010-distill-phase2-7500-tt,1600,1001,20,parkour_hurdle,15,1,19.0,31.992538452148438,12.992538452148438,8,1.0,799,1,0,0,0.05381727158948686,success
parkour_new/010-distill-phase2-7500-tt,1600,1001,57,parkour_gap,18,3,55.0,63.88127136230469,8.881271362304688,5,0.625,528,0,1,0,0.17424242424242425,fall
parkour_new/010-distill-phase2-7500-tt,1600,1001,119,climbing_wall,24,0,1.0,12.319618225097656,11.319618225097656,8,1.0,702,1,0,0,0.1225071225071225,success
parkour_new/010-distill-phase2-7500-tt,1600,1001,47,parkour_gap,18,3,55.0,63.89447784423828,8.894477844238281,5,0.625,528,0,1,0,0.07196969696969698,fall
parkour_new/010-distill-phase2-7500-tt,1600,1001,46,parkour_step,17,2,37.0,47.491695404052734,10.491695404052734,8,1.0,619,1,0,0,0.024232633279483037,success
parkour_new/010-distill-phase2-7500-tt,1600,1001,64,alternating_step,19,4,73.0,84.94923400878906,11.949234008789062,8,1.0,853,1,0,0,0.04689331770222743,success
parkour_new/010-distill-phase2-7500-tt,1600,1001,122,climbing_wall,24,0,1.0,12.334692001342773,11.334692001342773,8,1.0,923,1,0,0,0.20801733477789816,success
parkour_new/010-distill-phase2-7500-tt,1600,1001,45,parkour_step,17,2,37.0,47.492027282714844,10.492027282714844,8,1.0,592,1,0,0,0.02027027027027027,success
parkour_new/010-distill-phase2-7500-tt,1600,1001,36,parkour_step,17,4,73.0,83.84422302246094,10.844223022460938,8,1.0,596,1,0,0,0.025167785234899327,success
parkour_new/010-distill-phase2-7500-tt,1600,1001,126,climbing_wall,24,2,37.0,48.0526123046875,11.0526123046875,8,1.0,828,1,0,0,0.23067632850241546,success
parkour_new/010-distill-phase2-7500-tt,1600,1001,13,parkour_hurdle,15,4,73.0,86.1387710571289,13.138771057128906,8,1.0,802,1,0,0,0.05112219451371571,success
parkour_new/010-distill-phase2-7500-tt,1600,1001,66,alternating_step,19,3,55.0,66.63203430175781,11.632034301757812,8,1.0,844,1,0,0,0.045023696682464455,success
parkour_new/010-distill-phase2-7500-tt,1600,1001,41,parkour_step,17,4,73.0,83.80155181884766,10.801551818847656,8,1.0,620,1,0,0,0.027419354838709678,success
parkour_new/010-distill-phase2-7500-tt,1600,1001,23,parkour_hurdle,15,3,55.0,68.43647003173828,13.436470031738281,8,1.0,937,1,0,0,0.05549626467449306,success
parkour_new/010-distill-phase2-7500-tt,1600,1001,124,climbing_wall,24,2,37.0,48.062496185302734,11.062496185302734,8,1.0,710,1,0,0,0.2676056338028169,success
parkour_new/010-distill-phase2-7500-tt,1600,1001,117,climbing_wall,24,4,73.0,84.33387756347656,11.333877563476562,8,1.0,834,1,0,0,0.16546762589928057,success
parkour_new/010-distill-phase2-7500-tt,1600,1001,48,parkour_gap,18,4,73.0,87.30036163330078,14.300361633300781,8,1.0,840,1,0,0,0.21428571428571427,success
parkour_new/010-distill-phase2-7500-tt,1600,1001,62,alternating_step,19,2,37.0,48.87411117553711,11.87411117553711,8,1.0,860,1,0,0,0.01627906976744186,success
parkour_new/010-distill-phase2-7500-tt,1600,1001,15,parkour_hurdle,15,0,1.0,13.753199577331543,12.753199577331543,8,1.0,752,1,0,0,0.07180851063829788,success
parkour_new/010-distill-phase2-7500-tt,1600,1001,123,climbing_wall,24,4,73.0,84.38800811767578,11.388008117675781,8,1.0,809,1,0,0,0.19406674907292953,success
parkour_new/010-distill-phase2-7500-tt,1600,1001,10,parkour,14,1,19.0,23.415760040283203,4.415760040283203,4,0.5,471,0,1,0,0.3503184713375796,fall
parkour_new/010-distill-phase2-7500-tt,1600,1001,125,climbing_wall,24,0,1.0,12.36733341217041,11.36733341217041,8,1.0,707,1,0,0,0.173974540311174,success
parkour_new/010-distill-phase2-7500-tt,1600,1001,51,parkour_gap,18,1,19.0,27.004648208618164,8.004648208618164,5,0.625,472,0,1,0,0.13559322033898305,fall
parkour_new/010-distill-phase2-7500-tt,1600,1001,6,parkour,14,1,19.0,25.3452205657959,6.345220565795898,6,0.75,679,0,1,0,0.4374079528718704,fall
parkour_new/010-distill-phase2-7500-tt,1600,1001,11,parkour,14,2,37.0,45.73751449584961,8.73751449584961,8,1.0,1126,1,0,0,0.1492007104795737,success
parkour_new/010-distill-phase2-7500-tt,1600,1001,12,parkour_hurdle,15,3,55.0,68.44673919677734,13.446739196777344,8,1.0,909,1,0,0,0.033003300330033,success
parkour_new/010-distill-phase2-7500-tt,1600,1001,50,parkour_gap,18,2,37.0,49.89044189453125,12.89044189453125,8,1.0,789,1,0,0,0.08365019011406843,success
parkour_new/010-distill-phase2-7500-tt,1600,1001,49,parkour_gap,18,2,37.0,49.88998794555664,12.88998794555664,8,1.0,622,1,0,0,0.014469453376205787,success
parkour_new/010-distill-phase2-7500-tt,1600,1001,63,alternating_step,19,1,19.0,31.103626251220703,12.103626251220703,8,1.0,986,1,0,0,0.029411764705882353,success
parkour_new/010-distill-phase2-7500-tt,1600,1001,2,parkour,14,1,19.0,28.193735122680664,9.193735122680664,8,1.0,906,1,0,0,0.16997792494481237,success
parkour_new/010-distill-phase2-7500-tt,1600,1001,27,parkour_flat,16,3,55.0,69.93464660644531,14.934646606445312,8,1.0,1197,1,0,0,0.0,success
parkour_new/010-distill-phase2-7500-tt,1600,1001,14,parkour_hurdle,15,4,73.0,86.13043212890625,13.13043212890625,8,1.0,883,1,0,0,0.04869762174405436,success
parkour_new/010-distill-phase2-7500-tt,1600,1001,54,parkour_gap,18,2,37.0,49.87145233154297,12.871452331542969,8,1.0,746,1,0,0,0.06166219839142091,success
parkour_new/010-distill-phase2-7500-tt,1600,1001,109,narrow_gap,23,4,73.0,81.2261734008789,8.226173400878906,8,1.0,644,1,0,0,0.3105590062111801,success
parkour_new/010-distill-phase2-7500-tt,1600,1001,60,alternating_step,19,3,55.0,66.6502914428711,11.650291442871094,8,1.0,680,1,0,0,0.051470588235294115,success
parkour_new/010-distill-phase2-7500-tt,1600,1001,5,parkour,14,2,37.0,45.636329650878906,8.636329650878906,8,1.0,663,1,0,0,0.11312217194570136,success
parkour_new/010-distill-phase2-7500-tt,1600,1001,110,narrow_gap,23,0,1.0,9.91394329071045,8.91394329071045,8,1.0,683,1,0,0,0.2562225475841874,success
parkour_new/010-distill-phase2-7500-tt,1600,1001,116,narrow_gap,23,4,73.0,81.2348861694336,8.234886169433594,8,1.0,731,1,0,0,0.28454172366621067,success
parkour_new/010-distill-phase2-7500-tt,1600,1001,69,alternating_step,19,2,37.0,48.88878631591797,11.888786315917969,8,1.0,713,1,0,0,0.015427769985974754,success
parkour_new/010-distill-phase2-7500-tt,1600,1001,127,climbing_wall,24,0,1.0,12.37156867980957,11.37156867980957,8,1.0,1087,1,0,0,0.23367065317387303,success
parkour_new/010-distill-phase2-7500-tt,1600,1001,28,parkour_flat,16,3,55.0,69.92389678955078,14.923896789550781,8,1.0,914,1,0,0,0.0,success
parkour_new/010-distill-phase2-7500-tt,1600,1001,115,narrow_gap,23,2,37.0,46.27384948730469,9.273849487304688,8,1.0,682,1,0,0,0.2375366568914956,success
parkour_new/010-distill-phase2-7500-tt,1600,1001,111,narrow_gap,23,1,19.0,28.053659439086914,9.053659439086914,8,1.0,736,1,0,0,0.2866847826086957,success
parkour_new/010-distill-phase2-7500-tt,1600,1001,30,parkour_flat,16,3,55.0,69.92122650146484,14.921226501464844,8,1.0,955,1,0,0,0.0,success
parkour_new/010-distill-phase2-7500-tt,1600,1001,113,narrow_gap,23,0,1.0,9.902368545532227,8.902368545532227,8,1.0,735,1,0,0,0.3442176870748299,success
parkour_new/010-distill-phase2-7500-tt,1600,1001,118,climbing_wall,24,3,55.0,65.83011627197266,10.830116271972656,8,1.0,695,1,0,0,0.1712230215827338,success
parkour_new/010-distill-phase2-7500-tt,1600,1001,7,parkour,14,4,73.0,81.32369232177734,8.323692321777344,8,1.0,609,1,0,0,0.1625615763546798,success
parkour_new/010-distill-phase2-7500-tt,1600,1001,52,parkour_gap,18,1,19.0,31.799877166748047,12.799877166748047,8,1.0,682,1,0,0,0.13343108504398826,success
parkour_new/010-distill-phase2-7500-tt,1600,1001,59,alternating_step,19,2,37.0,48.88669967651367,11.886699676513672,8,1.0,724,1,0,0,0.020718232044198894,success
parkour_new/010-distill-phase2-7500-tt,1600,1001,18,parkour_hurdle,15,2,37.0,49.43869400024414,12.43869400024414,8,1.0,729,1,0,0,0.04526748971193416,success
parkour_new/010-distill-phase2-7500-tt,1600,1001,32,parkour_flat,16,3,55.0,69.94752502441406,14.947525024414062,8,1.0,911,1,0,0,0.0,success
parkour_new/010-distill-phase2-7500-tt,1600,1001,10,parkour,14,1,19.0,23.356321334838867,4.356321334838867,4,0.5,391,0,1,0,0.17391304347826086,fall
parkour_new/010-distill-phase2-7500-tt,1600,1001,9,parkour,14,2,37.0,45.611629486083984,8.611629486083984,8,1.0,745,1,0,0,0.12751677852348994,success
parkour_new/010-distill-phase2-7500-tt,1600,1001,33,parkour_flat,16,4,73.0,88.06633758544922,15.066337585449219,8,1.0,916,1,0,0,0.0,success
parkour_new/010-distill-phase2-7500-tt,1600,1001,21,parkour_hurdle,15,2,37.0,49.441036224365234,12.441036224365234,8,1.0,737,1,0,0,0.036635006784260515,success
parkour_new/010-distill-phase2-7500-tt,1600,1001,0,parkour,14,0,0.9998104572296143,3.725313663482666,2.7255032062530518,2,0.25,3002,0,0,1,0.2959013662112629,stuck
parkour_new/010-distill-phase2-7500-tt,1600,1001,3,parkour,14,0,1.0,2.907407760620117,1.9074077606201172,2,0.25,3002,0,0,1,0.8447184271909364,stuck
parkour_new/010-distill-phase2-7500-tt,1600,1001,4,parkour,14,0,0.9999885559082031,4.524536609649658,3.524548053741455,3,0.375,3002,0,0,1,0.7870709763412196,stuck
parkour_new/010-distill-phase2-7500-tt,1600,1001,121,climbing_wall,24,1,18.999908447265625,19.56294059753418,0.5630321502685547,1,0.125,3002,0,0,1,0.0,stuck
parkour_new/010-distill-phase2-7500-tt,1600,1001,68,alternating_step,19,3,55.0,66.62918090820312,11.629180908203125,8,1.0,772,1,0,0,0.038860103626943004,success
parkour_new/010-distill-phase2-7500-tt,1600,1001,112,narrow_gap,23,0,1.0,9.895998001098633,8.895998001098633,8,1.0,701,1,0,0,0.29101283880171186,success
parkour_new/010-distill-phase2-7500-tt,1600,1001,108,narrow_gap,23,4,73.0,81.2877197265625,8.2877197265625,8,1.0,751,1,0,0,0.4167776298268975,success
parkour_new/010-distill-phase2-7500-tt,1600,1001,29,parkour_flat,16,1,19.0,33.61666488647461,14.61666488647461,8,1.0,1096,1,0,0,0.0,success
parkour_new/010-distill-phase2-7500-tt,1600,1001,106,narrow_gap,23,1,19.0,28.07032585144043,9.07032585144043,8,1.0,780,1,0,0,0.258974358974359,success
parkour_new/010-distill-phase2-7500-tt,1600,1001,19,parkour_hurdle,15,1,19.0,31.99127960205078,12.991279602050781,8,1.0,794,1,0,0,0.04659949622166247,success
parkour_new/010-distill-phase2-7500-tt,1600,1001,17,parkour_hurdle,15,4,73.0,86.1302490234375,13.1302490234375,8,1.0,726,1,0,0,0.01928374655647383,success
parkour_new/010-distill-phase2-7500-tt,1600,1001,120,climbing_wall,24,0,1.0,12.337483406066895,11.337483406066895,8,1.0,711,1,0,0,0.1729957805907173,success
parkour_new/010-distill-phase2-7500-tt,1600,1001,107,narrow_gap,23,0,1.0,9.954222679138184,8.954222679138184,8,1.0,767,1,0,0,0.2737940026075619,success
parkour_new/010-distill-phase2-7500-tt,1600,1001,6,parkour,14,1,19.0,23.196088790893555,4.196088790893555,4,0.5,397,0,1,0,0.163727959697733,fall
parkour_new/010-distill-phase2-7500-tt,1600,1001,114,narrow_gap,23,1,19.0,28.015371322631836,9.015371322631836,8,1.0,886,1,0,0,0.27765237020316025,success
parkour_new/010-distill-phase2-7500-tt,1600,1001,64,alternating_step,19,4,73.0,84.9583511352539,11.958351135253906,8,1.0,702,1,0,0,0.06837606837606838,success
parkour_new/010-distill-phase2-7500-tt,1600,1001,22,parkour_hurdle,15,2,37.0,49.44453811645508,12.444538116455078,8,1.0,779,1,0,0,0.028241335044929396,success
parkour_new/010-distill-phase2-7500-tt,1600,1001,24,parkour_flat,16,4,73.0,88.07044219970703,15.070442199707031,8,1.0,1074,1,0,0,0.0,success
parkour_new/010-distill-phase2-7500-tt,1600,1001,119,climbing_wall,24,0,1.0,12.347702980041504,11.347702980041504,8,1.0,756,1,0,0,0.12698412698412698,success
parkour_new/010-distill-phase2-7500-tt,1600,1001,16,parkour_hurdle,15,0,1.0,13.744556427001953,12.744556427001953,8,1.0,919,1,0,0,0.03373231773667029,success
parkour_new/010-distill-phase2-7500-tt,1600,1001,122,climbing_wall,24,0,1.0,12.33078384399414,11.33078384399414,8,1.0,763,1,0,0,0.2018348623853211,success
parkour_new/010-distill-phase2-7500-tt,1600,1001,67,alternating_step,19,2,37.0,48.88753890991211,11.88753890991211,8,1.0,977,1,0,0,0.04503582395087001,success
parkour_new/010-distill-phase2-7500-tt,1600,1001,25,parkour_flat,16,0,1.0,15.47823715209961,14.47823715209961,8,1.0,1151,1,0,0,0.0,success
parkour_new/010-distill-phase2-7500-tt,1600,1001,126,climbing_wall,24,2,37.0,48.05872344970703,11.058723449707031,8,1.0,757,1,0,0,0.18890356671070013,success
parkour_new/010-distill-phase2-7500-tt,1600,1001,1,parkour,14,3,55.0,64.05514526367188,9.055145263671875,8,1.0,1096,1,0,0,0.12135036496350365,success
parkour_new/010-distill-phase2-7500-tt,1600,1001,13,parkour_hurdle,15,4,73.0,86.14901733398438,13.149017333984375,8,1.0,763,1,0,0,0.04980340760157274,success
parkour_new/010-distill-phase2-7500-tt,1600,1001,31,parkour_flat,16,2,37.0,51.64388656616211,14.64388656616211,8,1.0,1020,1,0,0,0.0,success
parkour_new/010-distill-phase2-7500-tt,1600,1001,34,parkour_flat,16,0,1.0,15.46687126159668,14.46687126159668,8,1.0,1059,1,0,0,0.0,success
parkour_new/010-distill-phase2-7500-tt,1600,1001,66,alternating_step,19,3,55.0,66.63037872314453,11.630378723144531,8,1.0,824,1,0,0,0.03033980582524272,success
parkour_new/010-distill-phase2-7500-tt,1600,1001,117,climbing_wall,24,4,73.0,84.31106567382812,11.311065673828125,8,1.0,778,1,0,0,0.14652956298200515,success
parkour_new/010-distill-phase2-7500-tt,1600,1001,124,climbing_wall,24,2,37.0,48.04630661010742,11.046306610107422,8,1.0,792,1,0,0,0.2058080808080808,success
parkour_new/010-distill-phase2-7500-tt,1600,1001,62,alternating_step,19,2,37.0,48.87361145019531,11.873611450195312,8,1.0,770,1,0,0,0.007792207792207792,success
parkour_new/010-distill-phase2-7500-tt,1600,1001,23,parkour_hurdle,15,3,55.0,68.450927734375,13.450927734375,8,1.0,808,1,0,0,0.07920792079207921,success
parkour_new/010-distill-phase2-7500-tt,1600,1001,123,climbing_wall,24,4,73.0,84.36612701416016,11.366127014160156,8,1.0,764,1,0,0,0.2081151832460733,success
parkour_new/010-distill-phase2-7500-tt,1600,1001,20,parkour_hurdle,15,1,19.0,32.018802642822266,13.018802642822266,8,1.0,967,1,0,0,0.03516028955532575,success
parkour_new/010-distill-phase2-7500-tt,1600,1001,2,parkour,14,1,19.0,23.546703338623047,4.546703338623047,4,0.5,632,0,1,0,0.40664556962025317,fall
parkour_new/010-distill-phase2-7500-tt,1600,1001,26,parkour_flat,16,4,73.0,88.05797576904297,15.057975769042969,8,1.0,1085,1,0,0,0.0,success
parkour_new/010-distill-phase2-7500-tt,1600,1001,11,parkour,14,2,37.0,45.66310501098633,8.663105010986328,8,1.0,711,1,0,0,0.11392405063291139,success
parkour_new/010-distill-phase2-7500-tt,1600,1001,60,alternating_step,19,3,55.0,66.63310241699219,11.633102416992188,8,1.0,691,1,0,0,0.03762662807525326,success
parkour_new/010-distill-phase2-7500-tt,1600,1001,14,parkour_hurdle,15,4,73.0,86.15188598632812,13.151885986328125,8,1.0,754,1,0,0,0.029177718832891247,success
parkour_new/010-distill-phase2-7500-tt,1600,1001,109,narrow_gap,23,4,73.0,81.24659729003906,8.246597290039062,8,1.0,747,1,0,0,0.2717536813922356,success
parkour_new/010-distill-phase2-7500-tt,1600,1001,63,alternating_step,19,1,19.0,31.098392486572266,12.098392486572266,8,1.0,846,1,0,0,0.06264775413711583,success
parkour_new/010-distill-phase2-7500-tt,1600,1001,118,climbing_wall,24,3,55.0,65.84114837646484,10.841148376464844,8,1.0,727,1,0,0,0.18982118294360384,success
parkour_new/010-distill-phase2-7500-tt,1600,1001,69,alternating_step,19,2,37.0,48.88337707519531,11.883377075195312,8,1.0,809,1,0,0,0.019777503090234856,success
parkour_new/010-distill-phase2-7500-tt,1600,1001,120,climbing_wall,24,0,1.0,12.349433898925781,11.349433898925781,8,1.0,695,1,0,0,0.1683453237410072,success
parkour_new/010-distill-phase2-7500-tt,1600,1001,68,alternating_step,19,3,55.0,66.61429595947266,11.614295959472656,8,1.0,764,1,0,0,0.0274869109947644,success
parkour_new/010-distill-phase2-7500-tt,1600,1001,121,climbing_wall,24,1,19.0,30.056865692138672,11.056865692138672,8,1.0,778,1,0,0,0.12339331619537275,success
parkour_new/010-distill-phase2-7500-tt,1600,1001,59,alternating_step,19,2,37.0,48.87398147583008,11.873981475830078,8,1.0,852,1,0,0,0.025821596244131457,success
parkour_new/010-distill-phase2-7500-tt,1600,1001,32,parkour_flat,16,3,55.0,69.93547058105469,14.935470581054688,8,1.0,925,1,0,0,0.0,success
parkour_new/010-distill-phase2-7500-tt,1600,1001,28,parkour_flat,16,3,55.0,69.9032211303711,14.903221130371094,8,1.0,1028,1,0,0,0.0,success
parkour_new/010-distill-phase2-7500-tt,1600,1001,27,parkour_flat,16,3,55.0,69.97125244140625,14.97125244140625,8,1.0,1202,1,0,0,0.0,success
parkour_new/010-distill-phase2-7500-tt,1600,1001,125,climbing_wall,24,0,1.0,12.341179847717285,11.341179847717285,8,1.0,1317,1,0,0,0.35383447228549736,success
parkour_new/010-distill-phase2-7500-tt,1600,1001,30,parkour_flat,16,3,55.0,69.92631530761719,14.926315307617188,8,1.0,1053,1,0,0,0.0,success
parkour_new/010-distill-phase2-7500-tt,1600,1001,33,parkour_flat,16,4,73.0,88.06023406982422,15.060234069824219,8,1.0,1023,1,0,0,0.0,success
parkour_new/010-distill-phase2-7500-tt,1600,1001,61,alternating_step,19,0,1.0,1.494536280632019,0.49453628063201904,0,0.0,3002,0,0,1,0.0,stuck
parkour_new/010-distill-phase2-7500-tt,1600,1001,124,climbing_wall,24,2,37.0,48.07257080078125,11.07257080078125,8,1.0,743,1,0,0,0.2812920592193809,success
parkour_new/010-distill-phase2-7500-tt,1600,1001,29,parkour_flat,16,1,19.0,33.62215805053711,14.62215805053711,8,1.0,1027,1,0,0,0.0,success
parkour_new/010-distill-phase2-7500-tt,1600,1001,126,climbing_wall,24,2,37.0,48.0847053527832,11.084705352783203,8,1.0,859,1,0,0,0.19441210710128057,success
parkour_new/010-distill-phase2-7500-tt,1600,1001,64,alternating_step,19,4,73.0,84.9396743774414,11.939674377441406,8,1.0,954,1,0,0,0.07337526205450734,success
parkour_new/010-distill-phase2-7500-tt,1600,1001,123,climbing_wall,24,4,73.0,84.27555847167969,11.275558471679688,8,1.0,832,1,0,0,0.22956730769230768,success
parkour_new/010-distill-phase2-7500-tt,1600,1001,24,parkour_flat,16,4,73.0,88.0343246459961,15.034324645996094,8,1.0,1045,1,0,0,0.0,success
parkour_new/010-distill-phase2-7500-tt,1600,1001,62,alternating_step,19,2,37.0,48.89051818847656,11.890518188476562,8,1.0,874,1,0,0,0.016018306636155607,success
parkour_new/010-distill-phase2-7500-tt,1600,1001,34,parkour_flat,16,0,1.0,15.47886848449707,14.47886848449707,8,1.0,998,1,0,0,0.0,success
parkour_new/010-distill-phase2-7500-tt,1600,1001,25,parkour_flat,16,0,1.0,15.477628707885742,14.477628707885742,8,1.0,1025,1,0,0,0.0,success
parkour_new/010-distill-phase2-7500-tt,1600,1001,31,parkour_flat,16,2,37.0,51.62553787231445,14.625537872314453,8,1.0,1046,1,0,0,0.0,success
parkour_new/010-distill-phase2-7500-tt,1600,1001,26,parkour_flat,16,4,73.0,88.04315185546875,15.04315185546875,8,1.0,1020,1,0,0,0.0,success
parkour_new/010-distill-phase2-7500-tt,1600,1001,28,parkour_flat,16,3,55.0,69.93782806396484,14.937828063964844,8,1.0,1001,1,0,0,0.0,success
parkour_new/010-distill-phase2-7500-tt,1600,1001,32,parkour_flat,16,3,55.0,69.96435546875,14.96435546875,8,1.0,1028,1,0,0,0.0,success
